2015-05-08 01:31	6.95	61.3475	nan	nan	20
2015-05-08 01:48	12.5714285714	106.62585034	inf	-0.544396648464	21
2015-05-08 01:54	14.0	104.428571429	1.50825921221	-0.414842286338	14
2015-05-08 02:10	14.5625	172.24609375	1.1135675623	-0.25820057868	16
2015-05-08 03:45	10.5882352941	110.124567474	-0.474992219929	0.136529768575	17
2015-05-08 11:09	10.9285714286	90.0663265306	-0.292178700916	0.0849139608379	14
2015-05-08 11:15	8.94736842105	89.4182825485	-1.04618391789	0.280532923059	19
2015-05-08 11:31	10.5	178.0	-0.285672640915	0.054053052912	16
2015-05-08 11:42	9.3	139.11	-0.771475064314	0.155243077681	20
2015-05-08 11:49	14.7647058824	260.532871972	1.66076841673	-0.237725760817	17
2015-05-08 12:05	9.27272727273	57.9256198347	-0.823395681596	0.267847013668	22
2015-05-08 12:11	9.7619047619	132.943310658	-0.560823925498	0.118303622564	21
2015-05-08 12:22	13.0714285714	278.780612245	0.872886126391	-0.123326090508	14
2015-05-08 12:38	8.95238095238	78.0453514739	-0.951272505118	0.251100181841	21
2015-05-08 12:43	7.57142857143	55.6734693878	-1.48400659656	0.46114313506	28
2015-05-08 12:54	9.26315789474	111.246537396	-0.633526083061	0.144082427675	19
2015-05-08 13:10	11.4	117.706666667	0.302835746698	-0.0656389901843	15
2015-05-08 13:16	8.57894736842	88.8753462604	-0.940248166181	0.228144995686	19
2015-05-08 13:27	12.5	207.25	0.829930820684	-0.131266360991	14
2015-05-08 13:38	9.16666666667	195.25	-0.68396134594	0.110429974285	18
2015-05-08 13:44	9.25	73.8875	-0.621519252401	0.16084310715	20
2015-05-08 14:00	8.85714285714	116.789115646	-0.780361743307	0.158194554484	21
2015-05-08 14:06	8.29166666667	95.7899305556	-1.01269167207	0.224512929038	24
2015-05-08 14:17	9.42857142857	90.2448979592	-0.444883524756	0.101573206703	21
2015-05-08 14:33	9.92857142857	181.780612245	-0.199209455097	0.0315008333404	14
2015-05-08 14:39	11.2941176471	111.384083045	0.458161572593	-0.090755511287	17
2015-05-08 14:50	7.9375	55.05859375	-1.18336013419	0.328246216486	16
2015-05-08 15:05	9.55555555556	178.469135802	-0.351136555708	0.0544470714379	18
2015-05-08 15:11	9.57894736842	340.243767313	-0.332578256091	0.0367566370282	19
2015-05-08 15:23	12.0	159.333333333	0.880142134904	-0.139940414732	15
2015-05-08 15:33	9.69230769231	107.136094675	-0.300287231263	0.0579811642725	13
2015-05-08 15:40	9.57142857143	252.959183673	-0.356369048278	0.0441167206558	14
2015-05-08 15:56	15.9	266.89	2.90913929662	-0.345774358673	10
2015-05-08 16:01	10.0	263.538461538	-0.197050336872	0.0260160576364	13
2015-05-08 16:13	11.9230769231	122.99408284	0.716196947529	-0.136440097627	13
2015-05-08 16:29	11.4285714286	166.530612245	0.465023386108	-0.0755864825877	14
2015-05-08 16:35	14.5	802.431818182	1.93775869165	-0.141904198731	22
2015-05-08 16:47	11.125	233.984375	0.249640619365	-0.0350478139279	16
2015-05-08 17:03	11.3333333333	99.3333333333	0.344364627985	-0.0732782414847	18
2015-05-08 17:09	10.6	161.94	-0.0103614462214	0.00170712801043	20
2015-05-08 17:20	10.32	125.8976	-0.145479565058	0.0268422512751	25
2015-05-08 17:36	19.3	591.41	4.24670668784	-0.357177204446	10
2015-05-08 17:43	15.2666666667	216.195555556	1.84014594738	-0.302376363092	15
2015-05-08 17:54	14.25	241.5875	1.34105689525	-0.213982973114	20
2015-05-08 18:10	14.8888888889	514.987654321	1.55485632793	-0.171383088018	18
2015-05-08 18:17	11.5909090909	174.332644628	0.198838320719	-0.038235814302	22
2015-05-08 18:28	14.4545454545	193.884297521	1.33642190853	-0.241126965966	22
2015-05-08 18:44	12.6666666667	103.888888889	0.591650916014	-0.146988471075	24
2015-05-08 18:50	12.35	159.8275	0.457412504217	-0.0909893830879	20
2015-05-08 19:01	16.1739130435	321.969754253	1.98479141828	-0.275907548905	23
2015-05-08 19:17	14.7916666667	407.664930556	1.35278355687	-0.171835925401	24
2015-05-08 19:28	16.3636363636	181.595041322	1.9242588794	-0.36906601937	22
2015-05-08 19:34	25.1176470588	689.98615917	5.14565243288	-0.518958897192	17
2015-05-08 19:53	21.0	921.529411765	2.88075645232	-0.304939160463	17
2015-05-08 20:03	16.2857142857	198.204081633	1.27837777402	-0.310490302359	14
2015-05-08 20:13	10.875	83.4427083333	-0.325456934823	0.12249496163	24
2015-05-08 20:27	19.5789473684	756.138504155	2.22987841394	-0.276564904892	19
2015-05-08 20:38	10.9583333333	259.706597222	-0.325992896524	0.0713019447868	24
2015-05-08 20:44	14.6111111111	183.12654321	0.721527000115	-0.186480148636	18
2015-05-08 21:00	16.4444444444	413.024691358	1.23861955879	-0.212276165363	18
2015-05-08 21:06	12.5	156.027777778	0.0851254475813	-0.0238365124384	18
2015-05-08 21:17	12.3888888889	109.015432099	0.0523912915755	-0.0174074791176	18
2015-05-08 21:33	10.9583333333	170.039930556	-0.363758255959	0.0959924007969	24
2015-05-08 21:39	16.1304347826	340.722117202	1.15303251543	-0.213462708644	23
2015-05-08 21:50	8.96	77.3984	-0.960955653568	0.374164770125	25
2015-05-08 22:06	15.4117647059	316.595155709	0.937928574654	-0.180442867708	17
2015-05-08 22:12	14.7826086957	249.735349716	0.740671583048	-0.160275703529	23
2015-05-08 22:23	11.7083333333	172.623263889	-0.16996936168	0.0440867743335	24
2015-05-08 22:39	15.15	204.7275	0.848520709366	-0.200648943466	20
2015-05-08 22:46	13.347826087	229.183364839	0.304223790909	-0.0678497366108	23
2015-05-08 22:57	10.3181818182	173.853305785	-0.601353888559	0.152984568909	22
2015-05-08 23:14	10.7142857143	117.537414966	-0.476963907701	0.146902596055	21
2015-05-08 23:21	11.2857142857	136.965986395	-0.30083276229	0.0853687143712	21
2015-05-08 23:32	20.6	667.973333333	2.52367144945	-0.322260503997	15
2015-05-08 23:48	16.8333333333	340.361111111	1.30256495265	-0.241188736397	18
2015-05-08 23:54	12.85	306.8275	0.118610572714	-0.0232352167485	20
2015-05-09 00:06	16.6875	394.33984375	1.24349401544	-0.21347295591	16
2015-05-09 00:22	16.0	251.5	1.0221894498	-0.220483334383	20
2015-05-09 00:28	12.6315789474	232.864265928	0.0243589853688	-0.00546145986828	19
2015-05-09 00:39	15.2	221.36	0.779696211302	-0.178160824664	15
2015-05-09 00:50	12.5555555556	83.5802469136	-0.00792380016019	0.0029392091114	18
2015-05-09 00:56	14.0	390.666666667	0.42072253114	-0.0717371370788	15
2015-05-09 01:12	10.7272727273	137.743801653	-0.558311937372	0.159513023766	22
2015-05-09 01:18	13.8	144.026666667	0.366310573083	-0.101921341178	15
2015-05-09 01:29	12.0476190476	136.235827664	-0.163694705419	0.0465877888087	21
2015-05-09 01:46	17.5454545455	595.702479339	1.501897057	-0.203239079555	11
2015-05-09 01:53	15.4117647059	384.006920415	0.832478343573	-0.141308262516	17
2015-05-09 02:05	11.9444444444	410.608024691	-0.219877719666	0.0360283300314	18
2015-05-09 02:12	10.0	106.461538462	-0.807383196041	0.258402979838	26
2015-05-09 02:28	13.2857142857	280.680272109	0.197065345686	-0.0387658664489	21
2015-05-09 02:45	14.05	156.2475	0.429079355944	-0.112523618203	20
2015-05-09 02:51	15.3684210526	172.022160665	0.830303528593	-0.20658402438	19
2015-05-09 03:03	11.8181818182	336.694214876	-0.267125268682	0.0474238826578	22
2015-05-09 03:19	11.3	95.81	-0.425451981156	0.140884780086	20
2015-05-09 03:25	14.3333333333	119.555555556	0.517176452706	-0.15263990999	15
2015-05-09 03:37	14.6	193.14	0.596679448949	-0.138016765884	20
2015-05-09 03:53	12.3636363636	211.776859504	-0.105582379988	0.0232439046957	22
2015-05-09 03:59	17.2142857143	288.168367347	1.41680682373	-0.266022935087	14
2015-05-09 04:12	12.5555555556	216.691358025	-0.0589791712926	0.0128346844942	18
2015-05-09 04:28	10.4705882353	128.131487889	-0.712846845903	0.200714475457	17
2015-05-09 04:34	12.3529411765	167.640138408	-0.115409271025	0.0283387263712	17
2015-05-09 04:45	14.8	232.56	0.65864880683	-0.136641613847	20
2015-05-09 05:01	12.96	533.3984	0.0707939291303	-0.00967050026147	25
2015-05-09 05:07	10.5555555556	154.135802469	-0.695402657545	0.175855274956	18
2015-05-09 05:18	12.1333333333	567.182222222	-0.186639163889	0.0245426581732	15
2015-05-09 05:34	11.8235294118	196.615916955	-0.285100621925	0.063381570937	17
2015-05-09 05:40	15.5714285714	178.387755102	0.923907330852	-0.21469811367	14
2015-05-09 05:51	12.9285714286	172.066326531	0.0638055897783	-0.0150861911821	14
2015-05-09 06:07	10.5714285714	113.244897959	-0.700026575874	0.203077694936	14
2015-05-09 06:13	18.8461538462	397.976331361	1.99148215297	-0.307452124095	13
2015-05-09 06:24	15.375	442.234375	0.83527420533	-0.123948347538	16
2015-05-09 06:40	8.45	71.0475	-1.39331445175	0.515119638605	20
2015-05-09 06:46	15.4666666667	342.515555556	0.867188431064	-0.146619181654	15
2015-05-09 06:57	15.8461538462	158.591715976	0.981898482329	-0.243699099262	13
2015-05-09 07:14	14.4285714286	170.673469388	0.5198410605	-0.124345678024	14
2015-05-09 07:21	10.6315789474	139.916897507	-0.701974219146	0.184859756385	19
2015-05-09 07:32	9.57894736842	69.9279778393	-1.03613438572	0.385112231191	19
2015-05-09 07:48	11.1176470588	221.515570934	-0.532072902432	0.111143792126	17
2015-05-09 07:59	23.5	2034.67857143	3.46580173135	-0.238146543651	14
2015-05-09 08:05	10.125	180.359375	-0.840863103724	0.20276529707	16
2015-05-09 16:32	16.375	1133.81770833	1.09744485953	-0.105416195296	24
2015-05-09 16:38	17.8888888889	626.432098765	1.55518201203	-0.20113567973	18
2015-05-09 16:54	14.2857142857	118.489795918	0.426878479685	-0.127668622995	21
2015-05-09 17:00	11.5	127.916666667	-0.433728400397	0.124429543815	24
2015-05-09 17:13	16.0526315789	209.102493075	0.976091162326	-0.218298568545	19
2015-05-09 17:25	12.2916666667	290.123263889	-0.194705285885	0.0369599385778	24
2015-05-09 17:31	13.1428571429	286.598639456	0.0703674871471	-0.0133879725909	21
2015-05-09 17:47	17.2857142857	213.537414966	1.3613917898	-0.298894448799	21
2015-05-09 17:58	17.08	279.5136	1.282440357	-0.246902762884	25
2015-05-09 18:04	12.3461538462	247.072485207	-0.197716705963	0.0405865853571	26
2015-05-09 18:20	20.6111111111	1444.68209877	2.37406729104	-0.200792129573	18
2015-05-09 18:26	24.1111111111	1240.54320988	3.38584825447	-0.314401500602	18
2015-05-09 18:38	22.1904761905	1408.82086168	2.66998512035	-0.241622380431	21
2015-05-09 18:54	25.7619047619	1340.84807256	3.61960735292	-0.343342004431	21
2015-05-09 19:00	20.9047619048	530.276643991	2.10208044096	-0.330965710814	21
2015-05-09 19:11	14.9230769231	318.763313609	0.431306253159	-0.0886779651595	26
2015-05-09 19:27	19.2142857143	294.31122449	1.60194677429	-0.341745691656	14
2015-05-09 19:33	13.9523809524	205.283446712	0.151645604181	-0.038953842603	21
2015-05-09 19:44	20.1875	1054.02734375	1.85124487866	-0.209118424859	16
2015-05-09 20:00	16.6086956522	519.020793951	0.854720618272	-0.138773723017	23
2015-05-09 20:05	11.1363636364	198.390495868	-0.631443046133	0.165661940523	22
2015-05-09 20:16	9.36842105263	370.864265928	-1.10777120811	0.212109057442	19
2015-05-09 20:27	17.6315789474	393.074792244	1.14008893432	-0.212203072104	19
2015-05-09 20:33	13.1923076923	178.847633136	-0.0707993822114	0.0195559719808	26
2015-05-09 20:49	13.0952380952	164.752834467	-0.0969211193872	0.0277963545081	21
2015-05-09 20:55	12.8888888889	243.987654321	-0.152831012531	0.0358942385525	18
2015-05-09 21:06	21.2222222222	705.50617284	2.1268888125	-0.29277491811	18
2015-05-09 21:22	24.2142857143	989.31122449	2.89654500428	-0.340684689087	14
2015-05-09 21:28	18.25	261.4375	1.23455523036	-0.289378852932	16
2015-05-09 21:39	11.48	84.1696	-0.559042720639	0.231342391349	25
2015-05-09 21:55	11.16	213.4944	-0.641078291448	0.166190099519	25
2015-05-09 22:01	12.2727272727	94.7438016529	-0.343741008856	0.13350287985	22
2015-05-09 22:12	11.1666666667	155.138888889	-0.635908238831	0.19244393046	24
2015-05-09 22:28	14.0526315789	174.049861496	0.134144072389	-0.0382519863907	19
2015-05-09 22:34	10.5	112.977272727	-0.813671006368	0.287067066555	22
2015-05-09 22:45	13.15	224.3275	-0.10186541849	0.0254762580348	20
2015-05-09 23:01	14.1	442.09	0.152887459027	-0.0271509252356	20
2015-05-09 23:07	26.1538461538	753.053254438	3.39065598132	-0.459921593163	13
2015-05-09 23:18	22.7222222222	484.978395062	2.37034871613	-0.413653907544	18
2015-05-09 23:29	14.0555555556	124.49691358	0.0989241775867	-0.0345605026257	18
2015-05-09 23:35	16.7142857143	197.632653061	0.782783885473	-0.216382070401	14
2015-05-09 23:51	15.5	658.083333333	0.466015430603	-0.0705083453705	24
2015-05-10 00:02	18.4545454545	570.79338843	1.2273325553	-0.198906874557	11
2015-05-10 00:08	30.5833333333	1092.74305556	4.34567646947	-0.509784467418	12
2015-05-10 00:24	18.7058823529	528.442906574	1.19327811986	-0.211918933921	17
2015-05-10 00:30	13.5217391304	225.640831758	-0.0836911549598	0.0227742287576	23
2015-05-10 00:41	18.4375	643.24609375	1.12276687427	-0.180414344879	16
2015-05-10 00:57	15.8333333333	255.472222222	0.476685835347	-0.121635194615	18
2015-05-10 01:03	21.5625	1793.12109375	1.88292074902	-0.180935248652	16
2015-05-10 01:13	13.4545454545	166.79338843	-0.119906680502	0.0380600655271	22
2015-05-10 01:29	11.1538461538	65.3609467456	-0.682417058305	0.345019411737	26
2015-05-10 01:35	12.55	185.3475	-0.337385939489	0.101135448852	20
2015-05-10 01:46	15.4285714286	369.102040816	0.370887126114	-0.0785806868338	14
2015-05-10 02:02	13.9523809524	869.664399093	0.0061023072809	-0.000840193417807	21
2015-05-10 02:08	10.5555555556	62.2469135802	-0.832918617358	0.427418366674	18
2015-05-10 02:19	14.625	108.359375	0.177135776679	-0.0688330951053	16
2015-05-10 02:30	15.6111111111	314.570987654	0.421071805241	-0.0957684563068	18
2015-05-10 02:36	13.7391304348	248.714555766	-0.0454747425917	0.011604659841	23
2015-05-10 02:52	14.45	409.0475	0.131785835711	-0.0261501259587	20
2015-05-10 02:58	17.7333333333	392.328888889	0.951797320336	-0.192316173144	15
2015-05-10 03:09	10.4545454545	92.7024793388	-0.872437045579	0.362547818405	22
2015-05-10 03:25	19.7142857143	694.632653061	1.44766751998	-0.219622236663	14
2015-05-10 03:31	16.7727272727	467.357438017	0.701939727128	-0.130211724399	22
2015-05-10 03:42	15.6111111111	165.348765432	0.409014782494	-0.127381804291	18
2015-05-10 03:58	12.75	139.9875	-0.308347556168	0.104130685214	20
2015-05-10 04:04	11.8333333333	158.25	-0.537416133346	0.170277122842	18
2015-05-10 04:15	9.46666666667	116.648888889	-1.13046669252	0.416390911777	15
2015-05-10 04:26	13.75	158.1875	-0.0476784713426	0.0150915767706	16
2015-05-10 04:32	8.63157894737	174.127423823	-1.33667056497	0.402192231031	19
2015-05-10 04:48	10.0952380952	181.70521542	-0.958992969817	0.283051696547	21
2015-05-10 04:53	10.0526315789	137.207756233	-0.964870757019	0.327654761907	19
2015-05-10 05:04	11.7272727273	141.380165289	-0.538920443205	0.18025322991	22
2015-05-10 05:20	9.46428571429	74.1772959184	-1.10718819618	0.510308596375	28
2015-05-10 05:26	10.8947368421	245.252077562	-0.740679076999	0.187852726727	19
2015-05-10 05:37	15.6	187.64	0.448314226408	-0.129838822508	20
2015-05-10 05:53	11.8235294118	98.9688581315	-0.506947803801	0.20174648774	17
2015-05-10 05:59	12.4117647059	112.477508651	-0.356459252871	0.132813699126	17
2015-05-10 06:10	13.9473684211	275.313019391	0.0340351572462	-0.00808751588395	19
2015-05-10 06:21	11.1578947368	100.869806094	-0.675334275084	0.26444828033	19
2015-05-10 06:27	13.625	197.859375	-0.044687788281	0.0124771744461	16
2015-05-10 06:43	13.3125	116.83984375	-0.124344056551	0.0450659944709	16
2015-05-10 06:49	25.0	274.363636364	2.86664073176	-0.676336889162	11
2015-05-10 07:00	14.05	107.5475	0.049621400598	-0.0190284392506	20
2015-05-10 07:16	17.4666666667	207.982222222	0.910766114751	-0.250529208412	15
2015-05-10 07:22	17.2631578947	233.457063712	0.855367503025	-0.221987205845	19
2015-05-10 07:33	14.2631578947	218.404432133	0.0946992488455	-0.0253925489989	19
2015-05-10 07:49	15.5555555556	342.913580247	0.421395650335	-0.0899582437623	18
2015-05-10 07:55	19.2941176471	615.972318339	1.36779995489	-0.217430210353	17
2015-05-10 08:06	12.1176470588	105.868512111	-0.456831810961	0.175528951234	17
2015-05-10 08:17	16.375	177.109375	0.623408124994	-0.184842891988	16
2015-05-10 08:23	14.7391304348	280.366729679	0.206171009392	-0.0485154897777	23
2015-05-10 08:39	17.2352941176	223.356401384	0.840618923811	-0.221120079363	17
2015-05-10 08:45	12.3076923077	97.4437869822	-0.417089288346	0.165987762672	13
2015-05-10 08:56	15.8461538462	716.284023669	0.486535311018	-0.0712773018756	13
2015-05-10 09:12	11.35	206.7275	-0.663655781029	0.180653447694	20
2015-05-10 09:18	13.4285714286	283.292517007	-0.129655392695	0.0301097792567	21
2015-05-10 09:29	11.7916666667	263.748263889	-0.549089169854	0.131853561433	24
2015-05-10 09:45	10.8260869565	100.839319471	-0.79543901424	0.308414103446	23
2015-05-10 09:51	9.80952380952	97.1065759637	-1.05377638372	0.416003889193	21
2015-05-10 10:02	16.52	946.1696	0.675837021752	-0.0854939121773	25
2015-05-10 10:18	10.2777777778	77.3117283951	-0.932602619988	0.412204501274	18
2015-05-10 10:24	16.3333333333	146.055555556	0.629979894691	-0.202523092546	12
2015-05-10 10:35	14.2941176471	723.972318339	0.102406310562	-0.0147665875018	17
2015-05-10 10:46	21.4166666667	472.409722222	1.94204250486	-0.345897950354	12
2015-05-10 10:52	10.3888888889	171.12654321	-0.909702370274	0.270859105817	18
2015-05-10 11:08	12.25	181.3125	-0.428001097447	0.123755290235	16
2015-05-10 11:14	10.6666666667	432.698412698	-0.834285416307	0.155871868664	21
2015-05-10 11:25	10.1363636364	68.2995867769	-0.967716341935	0.454769019918	22
2015-05-10 11:41	14.5454545455	364.247933884	0.171818434736	-0.0349589694622	22
2015-05-10 11:47	11.4074074074	220.685871056	-0.638399136748	0.16652142265	27
2015-05-10 11:58	16.5555555556	805.691358025	0.693848004391	-0.0945983014086	18
2015-05-10 12:14	21.0625	1059.55859375	1.85754446151	-0.220592167398	16
2015-05-10 12:20	14.6818181818	262.762396694	0.197856754866	-0.0474297047315	22
2015-05-10 12:31	10.0869565217	161.557655955	-0.987504192055	0.301272045012	23
2015-05-10 12:47	12.4285714286	225.673469388	-0.379453789043	0.0979434470217	21
2015-05-10 12:53	11.6	152.16	-0.592604759618	0.185942485763	25
2015-05-10 13:04	11.4285714286	263.959183673	-0.635260975271	0.151129188966	21
2015-05-10 13:10	14.2105263158	268.692520776	0.0872860425207	-0.0205557271026	19
2015-05-10 13:21	18.1764705882	442.380622837	1.11662901087	-0.204512253238	17
2015-05-10 13:37	15.2	240.8	0.33911718616	-0.0842266390769	25
2015-05-10 13:43	13.6296296296	128.677640604	-0.069874688922	0.0236970131868	27
2015-05-10 13:54	10.92	101.2736	-0.775531321716	0.295854367294	25
2015-05-10 14:10	20.5714285714	1393.67346939	1.74311573755	-0.17910690286	21
2015-05-10 14:16	15.6	567.74	0.438091370662	-0.0708205787133	20
2015-05-10 14:27	17.0	1247.4	0.801086406538	-0.0872217850698	20
2015-05-10 14:43	17.2	334.36	0.850452607388	-0.178719255937	20
2015-05-10 14:48	20.0555555556	411.608024691	1.59102574032	-0.301173439855	18
2015-05-10 14:59	19.36	1116.7904	1.39916931857	-0.161286859923	25
2015-05-10 15:10	19.5	334.75	1.42713970585	-0.301058421189	24
2015-05-10 15:16	22.1666666667	541.805555556	2.10797323735	-0.350253976967	18
2015-05-10 15:32	18.0384615385	458.344674556	1.02515519596	-0.186461262615	26
2015-05-10 15:38	22.1923076923	505.00147929	2.08760844737	-0.361774760769	26
2015-05-10 15:49	23.7142857143	695.06122449	2.45392818309	-0.364876347796	21
2015-05-10 16:05	16.36	205.7504	0.562645566045	-0.155277248975	25
2015-05-10 16:11	18.0526315789	309.207756233	0.989346512305	-0.222423352136	19
2015-05-10 16:22	15.2083333333	367.498263889	0.266000998955	-0.0548518713562	24
2015-05-10 16:38	14.0434782609	151.43289225	-0.0297622474119	0.00954336552612	23
2015-05-10 16:44	14.2608695652	171.236294896	0.0254961417958	-0.00767320265357	23
2015-05-10 16:55	12.6923076923	276.828402367	-0.373618942288	0.0882634569073	26
2015-05-10 17:11	14.6666666667	348.472222222	0.130346869578	-0.0274000191336	24
2015-05-10 17:17	16.45	291.2475	0.585415966666	-0.134352329418	20
2015-05-10 17:28	16.1538461538	353.437869822	0.508199992433	-0.105740465404	26
2015-05-10 17:39	18.1363636364	295.390495868	1.01451950706	-0.230573187285	22
2015-05-10 17:44	23.8421052632	1200.3434903	2.47125782668	-0.278633201464	19
2015-05-10 18:00	19.2777777778	1079.86728395	1.28117219368	-0.15375592134	18
2015-05-10 18:06	12.4615384615	268.24852071	-0.451485953822	0.108844125676	26
2015-05-10 18:17	14.1304347826	293.504725898	-0.0271608013257	0.00625047333682	23
2015-05-10 18:33	15.9615384615	376.960059172	0.438207522618	-0.0888169438482	26
2015-05-10 18:39	19.0869565217	319.122873346	1.23266024699	-0.271126429918	23
2015-05-10 18:50	20.2083333333	497.164930556	1.51202807363	-0.266705154661	24
2015-05-10 19:06	19.3529411765	961.875432526	1.28589675065	-0.163453300718	17
2015-05-10 19:14	18.3684210526	543.916897507	1.03018795064	-0.174347352438	19
2015-05-10 19:26	16.6111111111	346.459876543	0.581110448918	-0.123237586845	18
2015-05-10 19:43	16.1739130435	298.143667297	0.468795908977	-0.107041837868	23
2015-05-10 19:49	23.1904761905	1048.15419501	2.24997393643	-0.273607236127	21
2015-05-10 20:00	20.1052631579	590.199445983	1.44753716658	-0.236299597601	19
2015-05-10 20:16	12.92	131.0336	-0.368780551817	0.128015769188	25
2015-05-10 20:21	13.0	271.6	-0.347859703406	0.0837427617998	20
2015-05-10 20:33	17.3684210526	228.548476454	0.755661629505	-0.19799682676	19
2015-05-10 20:44	20.5789473684	356.033240997	1.56466819965	-0.328217158012	19
2015-05-10 20:50	17.7058823529	658.560553633	0.831072762313	-0.128510601445	17
2015-05-10 21:06	14.1363636364	179.754132231	-0.0714466663177	0.021134852859	22
2015-05-10 21:12	11.9090909091	129.082644628	-0.633899066026	0.220889677713	22
2015-05-10 21:23	18.8333333333	114.027777778	1.11849905779	-0.414246618018	18
2015-05-10 21:39	19.6	738.34	1.30784831405	-0.190434817272	20
2015-05-10 21:45	16.0434782609	412.302457467	0.403866931302	-0.0787922663155	23
2015-05-10 21:56	18.7142857143	330.680272109	1.07823549244	-0.234544881145	21
2015-05-10 22:14	21.15	635.5275	1.68976963682	-0.265214172176	20
2015-05-10 22:21	17.0476190476	323.188208617	0.645028139728	-0.142421079984	21
2015-05-10 22:33	15.9473684211	171.944598338	0.365982987482	-0.110675046212	19
2015-05-10 22:45	18.9444444444	458.830246914	1.12221236914	-0.207435130049	18
2015-05-10 22:51	21.0869565217	1173.20982987	1.65874479978	-0.191829426852	23
2015-05-10 23:10	12.7727272727	329.266528926	-0.444544379009	0.0973321772959	22
2015-05-10 23:17	15.8095238095	495.201814059	0.321778744498	-0.0573700690853	21
2015-05-10 23:24	20.25	585.8125	1.44209238683	-0.236031250509	16
2015-05-10 23:40	20.4	280.373333333	1.47239443833	-0.348979280545	15
2015-05-10 23:46	20.4	1529.34	1.46455167534	-0.148917685087	20
2015-05-10 23:59	22.1052631579	571.041551247	1.88485639518	-0.314244893335	19
2015-05-11 00:13	14.6818181818	233.489669421	0.015171582652	-0.00397250477882	22
2015-05-11 00:20	14.1764705882	369.792387543	-0.11137117491	0.0231331034013	17
2015-05-11 00:32	11.1304347826	243.939508507	-0.875038195474	0.223413783771	23
2015-05-11 00:48	17.5714285714	990.959183673	0.743370917947	-0.0941305881149	14
2015-05-11 00:54	14.4	146.64	-0.0547442607604	0.0180070349826	20
2015-05-11 01:05	16.1764705882	528.733564014	0.392075145356	-0.0678055144852	17
2015-05-11 01:21	11.7916666667	269.081597222	-0.712853900259	0.172570665637	24
2015-05-11 01:27	15.9375	261.93359375	0.333760421531	-0.0818268885078	16
2015-05-11 01:38	16.2105263158	362.903047091	0.402063537951	-0.083622746528	19
2015-05-11 01:49	22.6111111111	369.459876543	2.01896822109	-0.415601135085	18
2015-05-11 01:54	12.2692307692	134.50443787	-0.598396332976	0.205163603023	26
2015-05-11 02:10	14.9444444444	181.274691358	0.0764086095729	-0.022542445056	18
2015-05-11 02:22	15.6111111111	239.682098765	0.244388900712	-0.062602758611	18
2015-05-11 02:28	19.5625	872.37109375	1.24185067195	-0.166491047691	16
2015-05-11 02:44	12.5238095238	296.916099773	-0.53920697413	0.124017898096	21
2015-05-11 02:50	11.8	146.16	-0.720935325602	0.236066586418	20
2015-05-11 03:01	11.1428571429	112.408163265	-0.885318682783	0.330308435038	21
2015-05-11 03:18	15.7142857143	326.299319728	0.273254432706	-0.0598173650644	21
2015-05-11 03:24	18.7	415.51	1.02895534812	-0.199313619137	20
2015-05-11 03:35	12.8333333333	219.638888889	-0.460049927039	0.122579963026	24
2015-05-11 03:46	14.2380952381	277.990929705	-0.10299035585	0.024361887351	21
2015-05-11 03:52	15.3333333333	230.111111111	0.175306482017	-0.0455076389166	18
2015-05-11 04:08	11.4444444444	208.024691358	-0.814051008995	0.221916965544	27
2015-05-11 04:19	13.0869565217	259.644612476	-0.393977406777	0.0960833824254	23
2015-05-11 04:25	18.3125	265.58984375	0.938212568708	-0.225939086372	16
2015-05-11 04:41	13.1818181818	239.876033058	-0.372074611006	0.0942649197846	22
2015-05-11 04:47	14.4166666667	155.076388889	-0.0562986832132	0.0177157854401	24
2015-05-11 04:58	18.3333333333	361.555555556	0.944821871449	-0.194415271089	15
2015-05-11 05:14	9.85714285714	99.7414965986	-1.22465366801	0.479700297655	21
2015-05-11 05:19	15.5	312.125	0.221385999662	-0.0490579168034	16
2015-05-11 05:30	20.380952381	221.759637188	1.46959901376	-0.385789343699	21
2015-05-11 05:46	15.6666666667	475.079365079	0.258745827834	-0.0464881942178	21
2015-05-11 05:52	15.1578947368	718.027700831	0.12822476824	-0.0187127991716	19
2015-05-11 06:03	12.4090909091	104.332644628	-0.575939661427	0.220169963953	22
2015-05-11 06:09	14.2105263158	198.797783934	-0.112972044805	0.0312549072707	19
2015-05-11 06:20	16.6842105263	791.163434903	0.52229095492	-0.0723248668982	19
2015-05-11 06:36	12.6086956522	103.020793951	-0.526189981614	0.201704010048	23
2015-05-11 06:42	11.3333333333	112.055555556	-0.85333443638	0.313304913553	24
2015-05-11 06:53	10.0555555556	172.608024691	-1.18004485469	0.348943820918	18
2015-05-11 07:09	16.4285714286	447.244897959	0.463618970714	-0.0852169713226	14
2015-05-11 07:15	9.21739130435	170.517958412	-1.39448047032	0.414628942406	23
2015-05-11 07:26	14.5	453.15	-0.0297704516228	0.00543747427431	20
2015-05-11 07:37	16.8823529412	389.750865052	0.583911561984	-0.114827860198	17
2015-05-11 07:43	11.1304347826	176.374291115	-0.900231485119	0.262911495868	23
2015-05-11 07:59	10.0909090909	147.991735537	-1.16594339522	0.371629209958	22
2015-05-11 08:10	12.32	142.3776	-0.587360569598	0.190967727843	25
2015-05-11 08:16	11.1818181818	134.239669421	-0.879875945293	0.29433542667	22
2015-05-11 08:32	16.3181818182	366.489669421	0.4480616154	-0.0906827765016	22
2015-05-11 08:38	14.6111111111	446.682098765	0.00618487062352	-0.00113252223984	18
2015-05-11 08:49	11.76	144.5824	-0.731601558977	0.235128697041	25
