2015-05-08 01:31	25.3333333333	668.472222222	nan	nan	24
2015-05-08 01:48	30.8	1082.96	inf	-0.166117882058	5
2015-05-08 01:54	25.35	1060.8275	-0.993902439012	0.0834092025912	20
2015-05-08 02:10	25.275862069	1222.75148633	-0.732678442141	0.0539137610031	29
2015-05-08 03:45	20.4782608696	245.466918715	-2.61738451852	0.396462996952	23
2015-05-08 11:09	25.5238095238	1589.01133787	0.0233541934459	-0.00191454251939	21
2015-05-08 11:15	12.4166666667	117.493055556	-4.37222860652	1.20334322825	24
2015-05-08 11:31	18.2857142857	260.013605442	-0.995543723089	0.32937388124	21
2015-05-08 11:42	20.0	660.08	-0.554387009865	0.114158232901	25
2015-05-08 11:49	14.5357142857	320.820153061	-1.59125110929	0.450625503062	28
2015-05-08 12:05	14.25	185.9375	-1.40153056099	0.55368120629	24
2015-05-08 12:16	17.65	358.9275	-0.621158817532	0.182819130888	20
2015-05-08 12:22	18.5	501.35	-0.428659901035	0.103834697318	20
2015-05-08 12:38	14.875	425.609375	-1.09974516833	0.279739220364	24
2015-05-08 12:43	16.5769230769	287.321005917	-0.693829974203	0.215742895723	26
2015-05-08 12:54	14.8076923077	279.770710059	-1.00180999244	0.309834123255	26
2015-05-08 13:10	21.3333333333	693.888888889	0.322873633734	-0.0632891129389	18
2015-05-08 13:16	17.4782608696	320.336483932	-0.454957030264	0.127723739873	23
2015-05-08 13:27	18.3333333333	448.055555556	-0.265506838458	0.0616006379685	24
2015-05-08 13:38	17.6153846154	430.621301775	-0.407865508292	0.0941257130317	26
2015-05-08 13:44	17.7777777778	510.839506173	-0.361247858336	0.0749139328886	27
2015-05-08 14:00	18.2692307692	1434.11982249	-0.244341043872	0.0296042355049	26
2015-05-08 14:11	16.6	442.94	-0.610259979524	0.130160550543	20
2015-05-08 14:17	14.6956521739	157.950850662	-1.02237449955	0.360015567992	23
2015-05-08 14:33	13.6296296296	316.159122085	-1.22060872884	0.303816410657	27
2015-05-08 14:39	11.6538461538	173.841715976	-1.60446389988	0.543183062976	26
2015-05-08 14:50	16.9583333333	575.623263889	-0.34474223397	0.065933037275	24
2015-05-08 15:06	18.1739130435	645.708884688	-0.0681870646805	0.0121093239006	23
2015-05-08 15:11	11.4827586207	191.766944114	-1.57677515972	0.504612609448	29
2015-05-08 15:23	14.0	219.0	-0.932159011319	0.285814611897	26
2015-05-08 15:34	14.8695652174	397.939508507	-0.711347238634	0.16137195782	23
2015-05-08 15:40	17.3636363636	259.41322314	-0.138414746857	0.0385688709887	22
2015-05-08 15:56	15.4166666667	491.243055556	-0.576822752441	0.114995438935	24
2015-05-08 16:07	12.4615384615	375.633136095	-1.24093519898	0.279994857987	26
2015-05-08 16:13	13.1923076923	239.847633136	-1.02986492802	0.292908333007	26
2015-05-08 16:29	19.5555555556	572.913580247	0.444007609245	-0.0817434665718	18
2015-05-08 16:35	14.3461538462	252.764792899	-0.759068217834	0.208016785281	26
2015-05-08 16:47	10.2692307692	113.196745562	-1.68432686014	0.685632086785	26
2015-05-08 17:03	9.44	55.2864	-1.7904232344	1.06677352979	25
2015-05-08 17:09	12.0	121.80952381	-1.13614628469	0.468308047777	21
2015-05-08 17:21	10.5925925926	116.38957476	-1.41255723329	0.5975663229	27
2015-05-08 17:37	7.36	99.4304	-2.06272185478	0.95493739248	25
2015-05-08 17:43	8.40909090909	145.51446281	-1.72284316451	0.683608775215	22
2015-05-08 17:54	7.48	93.7696	-1.83676150759	0.927729971927	25
2015-05-08 18:10	7.17857142857	78.1466836735	-1.81000135401	1.02724407368	28
2015-05-08 18:17	8.48148148148	166.397805213	-1.47441947146	0.587323282498	27
2015-05-08 18:28	10.3333333333	314.814814815	-1.06896235002	0.313342404063	27
2015-05-08 18:44	9.96	82.3584	-1.11659478117	0.640725749264	25
2015-05-08 18:50	14.1818181818	276.239669421	-0.281968118494	0.0885490989865	22
2015-05-08 19:01	12.7142857143	143.346938776	-0.562697982721	0.242986944432	28
2015-05-08 19:17	12.52	374.4896	-0.593127518489	0.157367045326	25
2015-05-08 19:28	15.4090909091	424.878099174	-0.0189211724954	0.00468267624916	22
2015-05-08 19:34	14.28	254.4416	-0.242232223915	0.0767186635999	25
2015-05-08 19:53	18.9444444444	572.274691358	0.69180357853	-0.144793049258	18
2015-05-08 20:03	10.7037037037	121.838134431	-0.97167362546	0.43858430629	27
2015-05-08 20:13	13.5	158.75	-0.393014514292	0.155305753255	28
2015-05-08 20:27	12.4827586207	227.284185493	-0.594828199437	0.194952230686	29
2015-05-08 20:38	16.4166666667	276.326388889	0.212994524322	-0.0629475543218	24
2015-05-08 20:44	18.4090909091	1628.24173554	0.620014825495	-0.0748613147481	22
2015-05-08 21:00	16.2083333333	437.081597222	0.15863706171	-0.0367736257947	24
2015-05-08 21:11	16.24	439.5424	0.163864464895	-0.0375698007433	25
2015-05-08 21:17	12.7	177.61	-0.579927739348	0.207491802411	30
2015-05-08 21:33	13.1176470588	252.221453287	-0.485612740688	0.145011893464	17
2015-05-08 21:44	15.3636363636	231.41322314	-0.00434048498503	0.00134488641566	22
2015-05-08 21:50	11.3913043478	172.933837429	-0.853728928944	0.303600019125	23
2015-05-08 22:06	18.2083333333	1042.16493056	0.618467592617	-0.0893974567494	24
2015-05-08 22:12	17.7916666667	549.248263889	0.5222769195	-0.103498125189	24
2015-05-08 22:23	15.1739130435	259.013232514	-0.0494430661507	0.0141898317201	23
2015-05-08 22:39	19.75	732.354166667	0.949014982435	-0.160781496918	24
2015-05-08 22:46	15.3043478261	465.950850662	-0.0344099839505	0.0073027074296	23
2015-05-08 22:57	18.5454545455	541.338842975	0.678435052796	-0.132624075004	22
2015-05-08 23:14	18.4285714286	338.149659864	0.64566979562	-0.159084434269	21
2015-05-08 23:21	16.5454545455	278.338842975	0.221983091627	-0.060037319344	22
2015-05-08 23:33	13.2592592593	239.155006859	-0.51270090849	0.148615463994	27
2015-05-08 23:49	14.0714285714	168.780612245	-0.326230688763	0.112000184925	28
2015-05-08 23:55	20.4	378.44	1.103619417	-0.251518055902	20
2015-05-09 00:06	21.25	352.758928571	1.27912116617	-0.302341160331	28
2015-05-09 00:22	16.9230769231	244.840236686	0.286703490834	-0.0816663936568	26
2015-05-09 00:28	20.56	919.1264	1.10554413511	-0.161572347337	25
2015-05-09 00:39	23.9130434783	1425.64461248	1.84590022789	-0.216894592157	23
2015-05-09 00:50	31.8888888889	755.209876543	3.56822845611	-0.584508289869	18
2015-05-09 00:56	34.0476190476	1077.4739229	3.74506176789	-0.549075366036	21
2015-05-09 01:12	24.4814814815	764.916323731	1.59144752087	-0.297840418903	27
2015-05-09 01:18	21.9333333333	818.062222222	1.07033495827	-0.195442835943	30
2015-05-09 01:29	22.5806451613	513.211238293	1.18060829066	-0.272390447049	31
2015-05-09 01:47	30.7037037037	868.72702332	2.71482120991	-0.482498299054	27
2015-05-09 01:53	30.15	1069.2275	2.48823935369	-0.412922545087	20
2015-05-09 02:05	32.8888888889	2556.43209877	2.88081357429	-0.318146584035	18
2015-05-09 02:12	33.6842105263	2421.37396122	2.87512921951	-0.339346765349	19
2015-05-09 02:28	40.1176470588	1741.98615917	3.80034543977	-0.549731575867	17
2015-05-09 02:45	27.4090909091	2251.6053719	1.54319311726	-0.210336906491	22
2015-05-09 02:51	25.8965517241	1059.47205707	1.28285237692	-0.256793147127	29
2015-05-09 03:03	29.55	758.2475	1.82342423757	-0.432922883599	20
2015-05-09 03:19	19.8620689655	512.049940547	0.31808183278	-0.0930231865069	29
2015-05-09 03:26	26.2692307692	1021.04289941	1.2890655996	-0.265688451382	26
2015-05-09 03:37	29.0769230769	1759.60946746	1.69606990524	-0.267191581324	26
2015-05-09 03:53	23.28	594.8416	0.793582333231	-0.217078064094	25
2015-05-09 03:59	29.9130434783	688.948960302	1.78310008479	-0.45233670843	23
2015-05-09 04:12	35.25	1646.85416667	2.53876535915	-0.421095470041	24
2015-05-09 04:28	25.7	757.343333333	1.06575581281	-0.267663036958	30
2015-05-09 04:34	23.4	477.173333333	0.721874072684	-0.228544400976	30
2015-05-09 04:45	25.037037037	481.59122085	0.953722073161	-0.299837927148	27
2015-05-09 05:01	23.16	402.3744	0.672636866664	-0.231237326466	25
2015-05-09 05:07	27.2608695652	956.975425331	1.2641784221	-0.28105004238	23
2015-05-09 05:18	29.875	1345.609375	1.6275722991	-0.305998913255	24
2015-05-09 05:34	28.0769230769	1118.99408284	1.34102541551	-0.278608629467	26
2015-05-09 05:40	26.25	697.044642857	1.06159391088	-0.280475164452	28
2015-05-09 05:51	17.8620689655	434.256837099	-0.150755141986	0.0504895251123	29
2015-05-09 06:07	15.4782608696	408.24952741	-0.493157478216	0.169570758963	23
2015-05-09 06:13	18.84	603.0944	-0.00477180095363	0.0013452421078	25
2015-05-09 06:24	24.1363636364	1151.0268595	0.763760894028	-0.15514665672	22
2015-05-09 06:40	19.5833333333	480.909722222	0.0964114931044	-0.0302411141064	24
2015-05-09 06:46	20.84	595.8944	0.279481533311	-0.0784042709355	25
2015-05-09 06:57	18.7142857143	329.275510204	-0.0335374642134	0.0126049637305	28
2015-05-09 07:15	24.4444444444	942.802469136	0.810501633456	-0.179235309918	18
2015-05-09 07:26	22.0	592.2	0.444129793628	-0.123736014119	20
2015-05-09 07:32	24.8666666667	1508.58222222	0.866130807399	-0.150663574689	30
2015-05-09 07:48	19.4230769231	504.167159763	0.0530810343145	-0.01595457726	26
2015-05-09 07:59	21.25	319.4875	0.324705387423	-0.122082347711	20
2015-05-09 08:06	26.25	1042.2875	1.07002180095	-0.221895760391	20
2015-05-09 16:32	12.25	162.9875	-1.02942929946	0.540150030461	20
2015-05-09 16:38	9.16	93.8944	-1.48188830995	1.0246654704	25
2015-05-09 16:54	14.0	215.090909091	-0.743790763131	0.341438802478	22
2015-05-09 17:05	13.9130434783	155.557655955	-0.752040557049	0.405201024751	23
2015-05-09 17:13	13.8461538462	322.976331361	-0.757271065897	0.282664230319	26
2015-05-09 17:25	14.5652173913	347.202268431	-0.645134386516	0.23185342321	23
2015-05-09 17:31	16.2941176471	425.384083045	-0.382731307294	0.12397776243	17
2015-05-09 17:47	15.1818181818	252.876033058	-0.548052272849	0.229478656627	22
2015-05-09 17:58	15.0	245.904761905	-0.572649371387	0.242485235358	21
2015-05-09 18:04	14.6	289.36	-0.630099276353	0.245318978329	25
2015-05-09 18:20	12.625	329.651041667	-0.925624791529	0.336848417013	24
2015-05-09 18:31	15.3333333333	454.722222222	-0.508952371896	0.157609513242	24
2015-05-09 18:38	16.2222222222	447.061728395	-0.371536246177	0.115709816342	27
2015-05-09 18:54	11.5	329.833333333	-1.08940592519	0.393714696005	24
2015-05-09 19:05	13.7391304348	289.844990548	-0.739639125698	0.285341090348	23
2015-05-09 19:11	15.2173913043	400.170132325	-0.509950985141	0.16714643972	23
2015-05-09 19:27	12.8181818182	235.239669421	-0.874502164498	0.372828314197	22
2015-05-09 19:33	14.65	588.1275	-0.588493856267	0.158535824663	20
2015-05-09 19:44	12.7307692308	347.196745562	-0.88009331028	0.307841476955	26
2015-05-09 20:00	13.8333333333	357.138888889	-0.705180162174	0.243000164869	24
2015-05-09 20:06	17.7777777778	535.50617284	-0.0946098957193	0.0265761886389	18
2015-05-09 20:16	19.4705882353	957.307958478	0.167066677677	-0.0349760388199	17
2015-05-09 20:27	12.6	197.92	-0.897876176144	0.411989634969	25
2015-05-09 20:33	11.1304347826	144.461247637	-1.12003212447	0.601127219373	23
2015-05-09 20:49	10.9	159.49	-1.1469978233	0.586378100484	20
2015-05-09 21:00	9.48275862069	114.1117717	-1.3571675805	0.821123906151	29
2015-05-09 21:06	9.89285714286	88.9528061224	-1.28078723444	0.880171954232	28
2015-05-09 21:22	9.0	120.083333333	-1.40682289427	0.833865433544	24
2015-05-09 21:33	10.3043478261	100.211720227	-1.19261772891	0.776340621118	23
2015-05-09 21:39	12.9565217391	158.215500945	-0.776541205749	0.402857129461	23
2015-05-09 21:55	8.92307692308	75.8402366864	-1.39133426113	1.04114546874	26
2015-05-09 22:01	13.1363636364	213.481404959	-0.733348427733	0.328082745129	22
2015-05-09 22:12	16.4375	226.37109375	-0.223844832999	0.0971009022357	16
2015-05-09 22:28	18.1904761905	401.58276644	0.0463520584464	-0.0150492670544	21
2015-05-09 22:34	14.4444444444	404.24691358	-0.53142829922	0.171412923734	27
2015-05-09 22:45	19.2380952381	413.229024943	0.211661730683	-0.0673688256973	21
2015-05-09 23:01	16.9523809524	447.283446712	-0.143407483802	0.0437379424346	21
2015-05-09 23:07	17.4	317.04	-0.0733277854095	0.0264807572828	25
2015-05-09 23:18	14.6666666667	224.37037037	-0.499521485529	0.213756315184	27
2015-05-09 23:29	20.2916666667	268.623263889	0.382081134305	-0.149073965723	24
2015-05-09 23:35	13.5714285714	225.316326531	-0.673020048196	0.285947497399	28
2015-05-09 23:51	11.72	201.4016	-0.960785410409	0.43102919445	25
2015-05-10 00:02	19.5	438.704545455	0.26720404639	-0.0812003640283	22
2015-05-10 00:08	14.0	253.6	-0.60024363786	0.239228409982	25
2015-05-10 00:24	17.12	433.7056	-0.105209062475	0.0320010225105	25
2015-05-10 00:30	30.2631578947	968.088642659	1.97623310445	-0.40112833947	19
2015-05-10 00:41	25.0434782609	459.085066163	1.12808109138	-0.335377617047	23
2015-05-10 00:57	15.8148148148	243.039780521	-0.327181201987	0.133793258763	27
2015-05-10 01:03	19.0714285714	545.352040816	0.186098111718	-0.0506675587568	28
2015-05-10 01:14	20.0606060606	237.147842057	0.341551897164	-0.140614265029	33
2015-05-10 01:29	25.0333333333	697.098888889	1.12683090757	-0.269874390701	30
2015-05-10 01:35	23.7692307692	429.25443787	0.919627217452	-0.280890724419	26
2015-05-10 01:46	28.0	708.615384615	1.583567385	-0.376281749736	26
2015-05-10 02:02	25.8333333333	1079.05555556	1.22659258891	-0.237206463514	24
2015-05-10 02:08	20.6296296296	593.566529492	0.399821924395	-0.10439938879	27
2015-05-10 02:19	18.6	527.306666667	0.0786824130534	-0.0217453278264	30
2015-05-10 02:30	19.0	673.878787879	0.14166484956	-0.0345351590318	33
2015-05-10 02:36	23.0	581.111111111	0.775089932185	-0.202911693201	27
2015-05-10 02:52	24.5652173913	809.897920605	1.01991153232	-0.225912476706	23
2015-05-10 03:03	28.6538461538	1331.99556213	1.66266567412	-0.287202446657	26
2015-05-10 03:09	18.3703703704	776.751714678	0.0221284371997	-0.0050297234549	27
2015-05-10 03:25	24.6153846154	1309.23668639	1.01062349072	-0.176446209193	26
2015-05-10 03:31	29.3333333333	766.222222222	1.75182385251	-0.399819414436	21
2015-05-10 03:42	31.8928571429	2972.45280612	2.13545421284	-0.248831340429	28
2015-05-10 03:58	32.2727272727	1532.10743802	2.16296246131	-0.354412774381	22
2015-05-10 04:04	24.1333333333	909.582222222	0.873613131045	-0.187607111237	30
2015-05-10 04:15	20.4285714286	891.006802721	0.297091423855	-0.0644197897772	21
2015-05-10 04:26	21.5625	726.30859375	0.471847669464	-0.11304440134	32
2015-05-10 04:32	27.6111111111	740.570987654	1.40906050265	-0.333620719063	18
2015-05-10 04:48	28.6666666667	836.444444444	1.56140593336	-0.348755654749	27
2015-05-10 04:59	30.8181818182	1211.51239669	1.87921178004	-0.350072893043	22
2015-05-10 05:04	24.2	725.96	0.843158824368	-0.204238711941	20
2015-05-10 05:20	29.8	1450.48	1.69809365729	-0.290776563947	25
2015-05-10 05:26	34.5	1595.91666667	2.39839576644	-0.393424710708	18
2015-05-10 05:37	37.7272727273	2178.83471074	2.84410457399	-0.404112356287	22
2015-05-10 05:53	37.5238095238	3451.67800454	2.749596845	-0.315959905434	21
2015-05-10 05:59	26.3636363636	879.140495868	1.06492009728	-0.246475484767	22
2015-05-10 06:10	30.8	1708.48	1.70541861573	-0.283239143181	25
2015-05-10 06:21	26.0714285714	763.494897959	1.0032040389	-0.250426596907	28
2015-05-10 06:27	29.3333333333	962.031746032	1.47106618122	-0.327139694875	21
2015-05-10 06:43	25.92	901.4336	0.966068936933	-0.222579659376	25
2015-05-10 06:49	27.347826087	663.183364839	1.16788010552	-0.313652371079	23
2015-05-10 07:00	26.2692307692	650.350591716	1.00525796311	-0.272869198877	26
2015-05-10 07:16	28.4210526316	1286.87534626	1.31114133013	-0.253010173305	19
2015-05-10 07:22	19.6666666667	501.305555556	0.0399985618532	-0.0123881080667	24
2015-05-10 07:33	20.6206896552	438.442330559	0.177814338729	-0.0587438296143	29
2015-05-10 07:49	26.5	363.25	1.02928706348	-0.372702293173	22
2015-05-10 07:55	23.1153846154	1290.33284024	0.533810192511	-0.102570227176	26
2015-05-10 08:06	26.8846153846	1025.64053254	1.07919793694	-0.232187927962	26
2015-05-10 08:17	19.8214285714	735.932397959	0.0489196075543	-0.012429834754	28
2015-05-10 08:23	20.96	337.7184	0.214377027299	-0.080217330438	25
2015-05-10 08:39	20.962962963	567.961591221	0.21427699441	-0.0616877734974	27
2015-05-10 08:50	15.5357142857	467.891581633	-0.579075349	0.183259212709	28
2015-05-10 08:56	24.75	560.6875	0.770890997456	-0.22251311256	24
2015-05-10 09:12	16.0714285714	259.637755102	-0.502961894378	0.213137233435	28
2015-05-10 09:18	16.0952380952	203.990929705	-0.498002899344	0.237671775256	21
2015-05-10 09:29	17.8125	387.77734375	-0.244190239304	0.0843781089234	16
2015-05-10 09:45	15.6	294.0	-0.56945561432	0.22549430951	25
2015-05-10 09:51	16.3157894737	420.742382271	-0.462138661188	0.152734777006	19
2015-05-10 10:02	20.7	766.11	0.187030094383	-0.0457254031287	20
2015-05-10 10:18	16.7	290.41	-0.405821319919	0.16079255351	20
2015-05-10 10:24	17.625	405.151041667	-0.267496429797	0.0895619064871	24
2015-05-10 10:35	29.6666666667	1296.55555556	1.52368611536	-0.284579356556	6
2015-05-10 10:46	19.5217391304	655.119092628	0.00832834544196	-0.00219469971133	23
2015-05-10 10:52	22.8947368421	778.831024931	0.509509722113	-0.122867167811	19
2015-05-10 11:08	14.0454545455	167.497933884	-0.80902032486	0.419993766523	22
2015-05-10 11:14	13.4347826087	308.15879017	-0.897023020867	0.343059503059	23
2015-05-10 11:25	14.8333333333	579.338888889	-0.685054386413	0.19099478581	30
2015-05-10 11:41	15.0434782609	183.780718336	-0.651496103587	0.322119233985	23
2015-05-10 11:47	17.0909090909	509.719008264	-0.343624568686	0.101888551574	22
2015-05-10 11:58	24.9473684211	947.418282548	0.833069556537	-0.180834901073	19
2015-05-10 12:14	19.9444444444	768.830246914	0.0807410111003	-0.0194428604526	18
2015-05-10 12:20	15.375	685.651041667	-0.605260558163	0.15400687514	24
2015-05-10 12:31	14.0	227.818181818	-0.81014122317	0.357127279001	22
2015-05-10 12:47	18.0434782609	354.737240076	-0.19911340399	0.0702881040594	23
2015-05-10 12:53	21.4	584.94	0.307203493618	-0.0842783145933	20
2015-05-10 13:04	17.05	443.6475	-0.350378919043	0.110161299011	20
2015-05-10 13:15	15.9130434783	254.601134216	-0.521552789156	0.216059061634	23
2015-05-10 13:21	18.6666666667	391.365079365	-0.102937544825	0.034341628581	21
2015-05-10 13:37	19.36	301.5104	0.00255035329704	-0.000967356314069	25
2015-05-10 13:43	16.0	366.0	-0.508675946771	0.174755666671	25
2015-05-10 13:54	16.8823529412	775.868512111	-0.37289077847	0.0878513225464	17
2015-05-10 14:10	12.56	159.2864	-1.03184553433	0.535564318103	25
2015-05-10 14:16	14.652173913	371.096408318	-0.708128592944	0.240829092118	23
2015-05-10 14:27	16.7058823529	359.148788927	-0.392157038333	0.135430671119	17
2015-05-10 14:43	18.9166666667	582.409722222	-0.0528536467001	0.0143087930064	24
2015-05-10 14:49	18.6785714286	341.575255102	-0.0892624175105	0.0314909491311	28
2015-05-10 14:59	18.16	355.0944	-0.168773475217	0.0582798827405	25
2015-05-10 15:10	13.0869565217	130.427221172	-0.949573521	0.539980949919	23
2015-05-10 15:16	11.5238095238	173.392290249	-1.18669722116	0.585153877477	21
2015-05-10 15:32	14.4545454545	465.79338843	-0.729993948985	0.219794631868	22
2015-05-10 15:43	16.4230769231	647.705621302	-0.424548725162	0.108299602637	26
2015-05-10 15:49	17.6666666667	390.412698413	-0.231688478604	0.0760015542234	21
2015-05-10 16:05	11.2142857143	132.525510204	-1.22857014783	0.690424663464	28
2015-05-10 16:11	15.44	175.0464	-0.569986903982	0.278987238746	25
2015-05-10 16:22	13.3157894737	312.847645429	-0.896962941725	0.327964893871	19
2015-05-10 16:38	15.1	194.59	-0.617814693741	0.286318066741	20
2015-05-10 16:44	19.0	1359.17241379	-0.0121524919789	0.00212840629124	29
2015-05-10 16:55	21.7619047619	660.276643991	0.41644467008	-0.104442591672	21
2015-05-10 17:11	9.93333333333	69.5288888889	-1.42291464255	1.09795572442	15
2015-05-10 17:17	11.45	83.7475	-1.17941495015	0.830839173343	20
2015-05-10 17:28	13.6666666667	262.305555556	-0.83043664058	0.330795559297	24
2015-05-10 17:39	22.9444444444	870.274691358	0.611191433583	-0.133581530985	18
2015-05-10 17:44	17.875	915.984375	-0.177598906619	0.0377897979669	16
2015-05-10 18:00	16.0	366.666666667	-0.468941344578	0.157421112451	6
2015-05-10 18:11	11.5882352941	99.1833910035	-1.15520385754	0.744523602576	17
2015-05-10 18:17	13.2222222222	235.728395062	-0.895735214027	0.374698380178	27
2015-05-10 18:33	18.0	850.173913043	-0.148530623651	0.0327044595332	23
2015-05-10 18:39	15.9130434783	204.079395085	-0.473905665476	0.212590223728	23
2015-05-10 18:50	11.7407407407	172.784636488	-1.12483380681	0.547594708209	27
2015-05-10 19:06	13.4444444444	159.802469136	-0.854017411473	0.432521683071	27
2015-05-10 19:14	13.6896551724	280.972651605	-0.81297547808	0.310355313898	29
2015-05-10 19:26	20.1304347826	883.156899811	0.196662147234	-0.0423197218644	23
2015-05-10 19:43	16.9615384615	403.036982249	-0.30011388164	0.0954307826712	26
2015-05-10 19:49	13.1875	282.77734375	-0.891696947119	0.337945941783	32
2015-05-10 20:00	19.44	371.0464	0.0926538557548	-0.0306434406269	25
2015-05-10 20:16	14.1428571429	282.479591837	-0.740496374991	0.280179333862	28
2015-05-10 20:22	11.6071428571	169.095663265	-1.1374984294	0.555821518079	28
2015-05-10 20:33	19.0869565217	477.209829868	0.0437427317453	-0.012729982656	23
2015-05-10 20:44	7.82608695652	75.3610586011	-1.73082581981	1.26525556644	23
2015-05-10 20:50	12.2916666667	537.873263889	-1.01735750336	0.279361165305	24
2015-05-10 21:06	12.32	256.6176	-1.00923171915	0.401240075526	25
2015-05-10 21:17	13.8571428571	210.408163265	-0.764276920438	0.335573444094	21
2015-05-10 21:23	12.2727272727	140.289256198	-1.01109488145	0.54328399409	22
2015-05-10 21:39	14.5909090909	229.878099174	-0.643262883493	0.270023279109	22
2015-05-10 21:45	16.619047619	231.473922902	-0.322672390333	0.134841652727	21
2015-05-10 21:56	18.2272727273	162.993801653	-0.0687025624919	0.0341601004138	22
2015-05-10 22:15	16.9090909091	571.082644628	-0.27659877285	0.0733462906056	22
2015-05-10 22:22	17.2083333333	691.831597222	-0.228783413742	0.0550305822617	24
2015-05-10 22:33	16.0	489.304347826	-0.419668938008	0.119835006668	23
2015-05-10 22:45	14.0	196.285714286	-0.73590705776	0.33130408995	21
2015-05-10 22:51	19.0833333333	814.576388889	0.0726150224493	-0.0160348532171	24
2015-05-10 23:10	15.4444444444	332.469135802	-0.505879580444	0.174556045266	9
2015-05-10 23:17	16.2631578947	455.878116343	-0.374502093637	0.110214943919	19
2015-05-10 23:24	17.8846153846	526.794378698	-0.115352447435	0.0315341089444	26
2015-05-10 23:40	16.9615384615	505.806213018	-0.262518078323	0.0731162492346	26
2015-05-10 23:46	21.3571428571	990.086734694	0.440795688403	-0.0876119180797	28
2015-05-11 00:00	16.7333333333	317.595555556	-0.300425102499	0.105286121122	30
2015-05-11 00:13	13.7878787879	166.955004591	-0.772203927437	0.372683573712	33
2015-05-11 00:20	19.4814814815	1125.80521262	0.14349376637	-0.0266510632021	27
2015-05-11 00:32	17.1481481481	300.274348422	-0.231787218087	0.0832210840145	27
2015-05-11 00:48	19.8333333333	1518.80555556	0.200888789155	-0.0320201785405	12
2015-05-11 00:54	16.0769230769	245.840236686	-0.405140071343	0.160253176202	26
2015-05-11 01:05	30.3888888889	783.570987654	1.90648773679	-0.421815493134	18
2015-05-11 01:21	26.8333333333	1966.47222222	1.32044287466	-0.18521185522	6
2015-05-11 01:27	27.15	2145.6275	1.36537372714	-0.183565954526	20
2015-05-11 01:38	26.6315789474	487.180055402	1.27587763763	-0.360487453536	19
2015-05-11 01:49	23.9545454545	447.861570248	0.841601362537	-0.24825632009	22
2015-05-11 01:55	23.5	534.431818182	0.766421340563	-0.206861580133	22
2015-05-11 02:10	29.9	1441.69	1.79084542782	-0.294095974469	20
2015-05-11 02:22	29.1071428571	798.238520408	1.65207181263	-0.365900383958	28
2015-05-11 02:28	27.7692307692	850.792899408	1.42900261006	-0.307411000933	26
2015-05-11 02:44	34.5217391304	2399.29300567	2.49641835271	-0.320326991801	23
2015-05-11 02:50	19.44	622.1664	0.0881406890169	-0.0223937701895	25
2015-05-11 03:01	26.0454545455	2317.3161157	1.13196413674	-0.14878419392	22
2015-05-11 03:18	24.1739130435	653.79584121	0.832214948092	-0.206026109877	23
2015-05-11 03:24	28.3076923077	1020.36686391	1.48334771733	-0.293805391343	26
2015-05-11 03:35	27.5	829.019230769	1.34847367147	-0.296873254745	26
2015-05-11 03:46	30.5714285714	695.959183673	1.82644076836	-0.439419002624	21
2015-05-11 03:52	30.0384615385	869.652366864	1.73044730232	-0.373790164092	26
2015-05-11 04:08	27.25	945.4375	1.28331919222	-0.266688016626	24
2015-05-11 04:19	25.3571428571	803.301020408	0.982107597266	-0.221635256299	28
2015-05-11 04:25	26.2916666667	1294.37326389	1.12523191396	-0.200034668764	24
2015-05-11 04:41	36.55	2229.8475	2.72456656943	-0.369172258415	20
2015-05-11 04:47	27.4137931034	1116.86325803	1.27572217958	-0.246645425846	29
2015-05-11 04:58	26.2857142857	1066.70408163	1.096156417	-0.21706160467	28
2015-05-11 05:14	24.6296296296	779.714677641	0.836475239244	-0.193798073093	27
2015-05-11 05:20	27.0769230769	1430.68639053	1.21276555434	-0.207332752456	26
2015-05-11 05:30	33.0	1123.62962963	2.12353511467	-0.40993937653	27
2015-05-11 05:46	27.0344827586	1102.79191439	1.18889704816	-0.23289722148	29
2015-05-11 05:52	29.72	751.7216	1.5971247883	-0.379180741751	25
2015-05-11 06:03	30.0454545455	3638.95247934	1.63848303041	-0.177214668387	22
2015-05-11 06:14	24.6666666667	955.037037037	0.807111528528	-0.170829610031	27
2015-05-11 06:20	33.4545454545	990.611570248	2.14933997165	-0.446441363823	22
2015-05-11 06:36	23.3461538462	848.457100592	0.593490632142	-0.133918836959	26
2015-05-11 06:42	29.5652173913	1228.59357278	1.53940897415	-0.28838433498	23
2015-05-11 06:53	25.4482758621	823.212841855	0.90601308133	-0.207768202193	29
2015-05-11 07:09	19.6071428571	218.738520408	0.0155670916661	-0.00692354467504	28
2015-05-11 07:15	21.8695652174	541.939508507	0.359999662615	-0.101570384005	23
2015-05-11 07:26	19.8095238095	800.439909297	0.0453530436485	-0.010515355958	21
2015-05-11 07:37	22.5789473684	620.87534626	0.46809666806	-0.1230486786	19
2015-05-11 07:43	19.2272727273	518.084710744	-0.0450310095998	0.0129436470912	22
2015-05-11 07:59	13.125	87.9427083333	-0.979038000851	0.682040905412	24
2015-05-11 08:10	16.5185185185	566.471879287	-0.456768311724	0.125368822415	27
2015-05-11 08:16	21.652173913	328.922495274	0.330798287326	-0.119014183344	23
2015-05-11 08:32	19.0	729.25	-0.076721476691	0.0185139688587	24
2015-05-11 08:43	21.1363636364	531.754132231	0.251696404498	-0.0710260334677	22
2015-05-11 08:49	20.347826087	277.70510397	0.129967888278	-0.0506819213867	23
