2015-05-08 01:31	4555.41176471	40319480.7128	nan	nan	17
2015-05-08 01:48	4555.41176471	40319480.7128	-inf	6.48558456732e-13	17
2015-05-08 02:04	5327.8125	42314734.6523	inf	-0.118739951614	16
2015-05-08 11:09	1463.58333333	2882102.74306	-9.19850023877	1.97287112373	12
2015-05-08 11:15	1757.33333333	3061314.72222	-1.49458489313	1.26780050889	12
2015-05-08 11:31	1757.33333333	3061314.72222	-1.11139340529	1.01424040711	12
2015-05-08 11:43	1883.58333333	3153765.24306	-0.845029690212	0.761628612962	12
2015-05-08 11:49	1883.58333333	3153765.24306	-0.745256306694	0.652824525396	12
2015-05-08 12:05	1883.58333333	3153765.24306	-0.674115547304	0.571221459721	12
2015-05-08 12:16	1883.58333333	3153765.24306	-0.620099842396	0.507752408641	12
2015-05-08 12:22	1883.58333333	3153765.24306	-0.577284081898	0.456977167777	12
2015-05-08 12:38	1883.58333333	3153765.24306	-0.542265800699	0.415433788888	12
2015-05-08 12:49	1883.58333333	3153765.24306	-0.512933461794	0.38081430648	12
2015-05-08 12:55	1883.58333333	3153765.24306	-0.487898092969	0.351520898289	12
2015-05-08 13:11	2321.0	4539305.5	-0.114408486992	0.066768106555	12
2015-05-08 13:16	2349.0	4739919.5	-0.0871815070133	0.048122945976	12
2015-05-08 13:27	2349.0	4739919.5	-0.084393088589	0.0451152618525	12
2015-05-08 13:38	2349.0	4739919.5	-0.0818561768271	0.04246142292	12
2015-05-08 13:44	2349.0	4739919.5	-0.0795351029487	0.04010245498	12
2015-05-08 14:00	2349.0	4739919.5	-0.0774009007808	0.0379917994547	12
2015-05-08 14:11	2349.0	4739919.5	-0.0754297697431	0.036092209482	12
2015-05-08 14:17	2349.0	4739919.5	-0.0736019477716	0.03437353284	12
2015-05-08 14:33	2349.0	4739919.5	-0.0719008709329	0.0328110995291	12
2015-05-08 14:44	2349.0	4739919.5	-0.0703125373475	0.0313845299843	12
2015-05-08 14:50	2349.0	4739919.5	-0.0688250192019	0.030076841235	12
2015-05-08 15:06	2349.0	4739919.5	-0.0674280837561	0.0288737675856	12
2015-05-08 15:17	2349.0	4739919.5	-0.0661128956952	0.0277632380631	12
2015-05-08 15:23	2719.76923077	6024948.17751	0.348360578647	-0.127339080099	13
2015-05-08 15:34	2719.76923077	6024948.17751	0.341344384944	-0.12279125581	13
2015-05-08 15:40	2629.78571429	5699856.16837	0.231230834119	-0.0842007295657	14
2015-05-08 15:56	2629.78571429	5699856.16837	0.227142002255	-0.0813940385802	14
2015-05-08 16:07	2629.78571429	5699856.16837	0.223262678724	-0.0787684244324	14
2015-05-08 16:13	2629.78571429	5699856.16837	0.219575562005	-0.0763069111688	14
2015-05-08 16:29	2629.78571429	5699856.16837	0.216065286995	-0.0739945805273	14
2015-05-08 16:41	2629.78571429	5699856.16837	0.212718154988	-0.0718182693352	14
2015-05-08 16:48	2629.78571429	5699856.16837	0.209521908284	-0.0697663187827	14
2015-05-08 17:04	3600.93333333	25815026.8622	1.44466191596	-0.223010676432	15
2015-05-08 17:15	3600.93333333	25815026.8622	1.38643986746	-0.216983360853	15
2015-05-08 17:21	3600.93333333	25815026.8622	1.33473356767	-0.21127327241	15
2015-05-08 17:37	3731.06666667	25456776.3289	1.44871550473	-0.23309155213	15
2015-05-08 17:48	3788.33333333	25894024.7556	1.4640170387	-0.236591169326	15
2015-05-08 17:54	3788.33333333	25894024.7556	1.40967570654	-0.230820653001	15
2015-05-08 18:10	3827.06666667	25716701.2622	1.406943676	-0.233738383872	15
2015-05-08 18:22	3827.06666667	25716701.2622	1.35954657784	-0.228302607503	15
2015-05-08 18:28	3827.06666667	25716701.2622	1.31663799429	-0.223113911878	15
2015-05-08 18:44	4012.46666667	24779931.8489	1.49164999068	-0.259485393957	15
2015-05-08 18:55	4012.46666667	24779931.8489	1.4409104127	-0.253844407131	15
2015-05-08 19:01	4012.46666667	24779931.8489	1.39501966858	-0.248443462299	15
2015-05-08 19:17	4120.06666667	27622273.3956	1.47349372905	-0.250884755654	15
2015-05-08 19:28	4120.06666667	27622273.3956	1.42710582457	-0.2457646586	15
2015-05-08 19:34	4120.06666667	27622273.3956	1.38484010705	-0.240849365428	15
2015-05-08 19:55	4009.8125	26078221.0273	1.22652767194	-0.221426500399	16
2015-05-08 20:05	3108.07142857	8444469.92347	0.223803215601	-0.0713259761664	14
2015-05-08 20:14	3108.07142857	8444469.92347	0.22157713374	-0.0699802030312	14
2015-05-08 20:27	3249.28571429	7905734.20408	0.374656237102	-0.121209514307	14
2015-05-08 20:39	3249.28571429	7905734.20408	0.370761832075	-0.119005704956	14
2015-05-08 20:45	3249.28571429	7905734.20408	0.366986398278	-0.116880603082	14
2015-05-08 21:01	3410.07142857	7832680.06633	0.5442557664	-0.172814619369	14
2015-05-08 21:12	3364.53846154	8406168.40237	0.486616839471	-0.148234855886	13
2015-05-08 21:17	3424.84615385	8048098.43787	0.550241049771	-0.170186989966	13
2015-05-08 21:33	3488.07692308	16385016.2249	0.616752792902	-0.132907982626	13
2015-05-08 21:44	3488.07692308	16385016.2249	0.609778277892	-0.130729163239	13
2015-05-08 21:50	3315.5	15601834.25	0.403145048741	-0.0881180625951	14
2015-05-08 22:07	3391.07142857	15718189.9235	0.487539166026	-0.105459260984	14
2015-05-08 22:18	3453.28571429	15987620.3469	0.555803629782	-0.118492597084	14
2015-05-08 22:24	3474.64285714	16096168.2296	0.575395187864	-0.121598887274	14
2015-05-08 22:40	3490.71428571	15994034.6327	0.588645432412	-0.124156844074	14
2015-05-08 22:51	3490.71428571	15994034.6327	0.582731131152	-0.122303756849	14
2015-05-08 22:58	3607.5	15370280.6786	0.716813264403	-0.152714528293	14
2015-05-08 23:15	2033.875	3375779.60938	-1.18183257367	0.535334313077	8
2015-05-08 23:26	1846.28571429	3063599.63265	-1.38662145061	0.661094796154	7
2015-05-08 23:33	1357.0	2767484.66667	-1.94121419433	0.979884241483	6
2015-05-08 23:49	1157.8	2546912.56	-2.11200402674	1.13206701513	5
2015-05-09 00:00	1157.8	2546912.56	-2.03620111573	1.1165592478	5
2015-05-09 00:06	371.5	92302.25	-2.84832726322	8.37404458258	4
2015-05-09 00:22	970.25	775845.6875	-2.04657223239	2.17010086768	4
2015-05-09 00:28	970.25	775845.6875	-1.97925512538	2.14154690889	4
2015-05-09 00:39	970.25	775845.6875	-1.91817169447	2.11373461138	4
2015-05-09 00:50	948.666666667	1374777.22222	-1.88428628025	1.58594587329	6
2015-05-09 00:56	965.0	1350508.0	-1.81532086233	1.56582280159	6
2015-05-09 01:12	1022.66666667	1361938.55556	-1.71115972171	1.49033406275	6
2015-05-09 01:23	938.142857143	1210241.55102	-1.75284049581	1.63829381238	7
2015-05-09 01:30	938.142857143	1210241.55102	-1.71037144774	1.61831461954	7
2015-05-09 01:47	1056.125	1156399.85938	-1.55876946417	1.52589961737	8
2015-05-09 01:58	1056.125	1156399.85938	-1.52752834052	1.50773414573	8
2015-05-09 02:06	1174.5	2479510.25	-1.38741575738	0.942375391785	8
2015-05-09 02:12	1210.5	2453535.25	-1.33065975826	0.913351926422	8
2015-05-09 02:29	1277.11111111	2753857.87654	-1.24803928496	0.812062503192	9
2015-05-09 02:45	1277.11111111	2753857.87654	-1.2300893374	0.802834520202	9
2015-05-09 02:51	1277.11111111	2753857.87654	-1.21289225521	0.793813907615	9
2015-05-09 03:03	1277.11111111	2753857.87654	-1.19639683994	0.784993753086	9
2015-05-09 03:20	1616.77777778	2830363.95062	-0.869312144436	0.563904884419	9
2015-05-09 03:31	1665.22222222	2768459.06173	-0.816593738572	0.534861607347	9
2015-05-09 03:37	1562.4	2586764.84	-0.90381645829	0.611307985315	10
2015-05-09 03:54	1450.09090909	2477737.71901	-0.998462634981	0.689316873547	11
2015-05-09 04:05	1450.09090909	2477737.71901	-0.988023051122	0.682060906457	11
2015-05-09 04:12	1450.09090909	2477737.71901	-0.977904223704	0.674956105348	11
2015-05-09 04:28	1548.66666667	2378148.55556	-0.877332418066	0.617919104309	12
2015-05-09 04:39	1548.66666667	2378148.55556	-0.869437064043	0.611613807327	12
2015-05-09 04:45	1548.66666667	2378148.55556	-0.861751101397	0.605435890081	12
2015-05-09 05:01	1698.41666667	2912511.07639	-0.715865203209	0.453865814044	12
2015-05-09 05:12	1773.91666667	2753469.40972	-0.640563713993	0.416668363241	12
2015-05-09 05:18	1773.91666667	2753469.40972	-0.636137730116	0.412583379288	12
2015-05-09 05:34	1897.33333333	3359955.72222	-0.516791031138	0.302539324397	12
2015-05-09 05:45	1897.33333333	3359955.72222	-0.51364136242	0.299630292431	12
2015-05-09 05:51	1952.0	3247518.83333	-0.459243181953	0.271535323026	12
2015-05-09 06:07	1901.38461538	3028452.69822	-0.50429925752	0.307617277399	13
2015-05-09 06:18	1901.38461538	3028452.69822	-0.501341745863	0.304742349573	13
2015-05-09 06:24	1802.57142857	2939067.2449	-0.592174766274	0.364115575557	14
2015-05-09 06:40	1802.57142857	2939067.2449	-0.588506208713	0.360775065689	14
2015-05-09 06:51	1923.78571429	2818658.16837	-0.469223460879	0.292852050718	14
2015-05-09 06:58	2650.8	18500092.96	0.229644122546	-0.0557472280885	15
2015-05-09 07:15	2741.73333333	19230307.1289	0.316023636099	-0.0749266049	15
2015-05-09 07:26	2607.8125	18297434.7773	0.185159909611	-0.0448252868529	16
2015-05-09 07:32	2741.73333333	19230307.1289	0.314193084081	-0.0738799891608	15
2015-05-09 07:49	2651.5	18150543.75	0.224837418217	-0.054204695472	16
2015-05-09 08:00	2651.5	18150543.75	0.223817430124	-0.0537374136145	16
2015-05-09 16:32	2894.44444444	15777560.9136	0.461290274988	-0.118307167846	18
2015-05-09 16:38	2894.44444444	15777560.9136	0.45891790077	-0.117304564729	18
2015-05-09 16:54	2894.44444444	15777560.9136	0.456581756772	-0.116318812084	18
2015-05-09 17:05	2894.44444444	15777560.9136	0.454280930121	-0.11534948865	18
2015-05-09 17:13	2894.44444444	15777560.9136	0.452014539826	-0.114396187091	18
2015-05-09 17:25	2894.44444444	15777560.9136	0.449781735356	-0.113458513426	18
2015-05-09 17:31	2894.44444444	15777560.9136	0.447581695306	-0.112536086488	18
2015-05-09 17:47	2894.44444444	15777560.9136	0.445413626121	-0.111628537403	18
2015-05-09 17:58	2894.44444444	15777560.9136	0.443276760896	-0.110735509104	18
2015-05-09 18:04	2894.44444444	15777560.9136	0.441170358236	-0.109856655857	18
2015-05-09 18:21	2894.44444444	15777560.9136	0.439093701177	-0.108991642819	18
2015-05-09 18:32	3346.72222222	16853813.7562	0.897223841758	-0.214798551197	18
2015-05-09 18:38	3346.72222222	16853813.7562	0.890963805836	-0.213133446149	18
2015-05-09 18:54	3346.72222222	16853813.7562	0.884832998672	-0.211493958102	18
2015-05-09 19:05	3441.72222222	16568080.6451	0.97572349117	-0.235020837693	18
2015-05-09 19:11	3290.10526316	16109855.0416	0.81385811747	-0.198759458722	19
2015-05-09 19:27	3315.36842105	16056086.2327	0.834587413637	-0.203899801185	19
2015-05-09 19:38	3315.36842105	16056086.2327	0.829314841355	-0.202378160878	19
2015-05-09 19:44	3403.21052632	15696849.0083	0.914080295416	-0.225336286116	19
2015-05-09 20:00	3403.21052632	15696849.0083	0.907928756768	-0.223679401659	19
2015-05-09 20:06	3403.21052632	15696849.0083	0.901899764702	-0.222046705297	19
2015-05-09 20:17	3403.21052632	15696849.0083	0.895989303711	-0.220437671201	19
2015-05-09 20:28	3403.21052632	15696849.0083	0.89019354011	-0.218851788674	19
2015-05-09 20:34	3403.21052632	15696849.0083	0.884508811591	-0.217288561612	19
2015-05-09 20:50	3403.21052632	15696849.0083	0.878931617496	-0.215747507983	19
2015-05-09 21:00	3403.21052632	15696849.0083	0.873458609757	-0.214228159336	19
2015-05-09 21:06	3403.21052632	15696849.0083	0.86808658445	-0.212730060319	19
2015-05-09 21:22	3403.21052632	15696849.0083	0.862812473913	-0.211252768234	19
2015-05-09 21:34	3746.63157895	17294418.8643	1.21197762345	-0.282450988185	19
2015-05-09 21:40	3578.7	17769403.51	1.02878811026	-0.236903973946	20
2015-05-09 21:55	3628.2	17487232.16	1.07259714323	-0.249020189089	20
2015-05-09 22:06	3628.2	17487232.16	1.06483666848	-0.247337620244	20
2015-05-09 22:12	3669.5	17234818.95	1.0997431648	-0.257418387674	20
2015-05-09 22:28	3380.90909091	16551354.2645	0.794895567545	-0.189992424919	22
2015-05-09 22:39	3380.90909091	16551354.2645	0.790606672164	-0.18873419694	22
2015-05-09 22:46	3380.90909091	16551354.2645	0.786386458752	-0.187492524591	22
2015-05-09 23:02	3440.22727273	16258989.2665	0.84346408451	-0.202645286751	22
2015-05-09 23:07	3440.22727273	16258989.2665	0.838785873352	-0.201329408266	22
2015-05-09 23:18	3440.22727273	16258989.2665	0.834184650619	-0.200030508857	22
2015-05-09 23:29	2957.80952381	9450250.43991	0.33023083847	-0.10376402349	21
2015-05-09 23:35	2957.80952381	9450250.43991	0.329063203851	-0.103103106143	21
2015-05-09 23:51	2957.80952381	9450250.43991	0.327907867901	-0.102450554838	21
2015-05-10 00:02	2957.80952381	9450250.43991	0.326764616222	-0.101806211726	21
2015-05-10 00:08	3108.75	9732211.2875	0.483671182385	-0.148077405372	20
2015-05-10 00:24	3005.7	10981391.51	0.373663157917	-0.107438091723	20
2015-05-10 00:35	3005.7	10981391.51	0.372347666816	-0.106774893626	20
2015-05-10 00:41	3005.7	10981391.51	0.371045972266	-0.106119832928	20
2015-05-10 00:57	3110.65	12707793.4275	0.480785402629	-0.127487562204	20
2015-05-10 01:08	3151.9	15358208.99	0.522731830186	-0.125789451863	20
2015-05-10 01:14	3151.9	15358208.99	0.520726556884	-0.125031684081	20
2015-05-10 01:30	3196.7	15190971.01	0.56645856399	-0.136459608835	20
2015-05-10 01:41	3196.7	15190971.01	0.564231582916	-0.135647349258	20
2015-05-10 01:46	3196.7	15190971.01	0.562030662527	-0.134844702221	20
2015-05-10 02:02	3196.7	15190971.01	0.559855298477	-0.13405149809	20
2015-05-10 02:08	3196.7	15190971.01	0.557704999977	-0.133267571201	20
2015-05-10 02:19	3365.95	14641091.5475	0.737670847215	-0.179190407951	20
2015-05-10 02:30	3365.95	14641091.5475	0.734381696731	-0.178154625246	20
2015-05-10 02:36	3365.95	14641091.5475	0.731136154813	-0.177130748089	20
2015-05-10 02:52	3365.95	14641091.5475	0.727933266275	-0.176118572386	20
2015-05-10 03:03	3365.95	14641091.5475	0.724772104967	-0.175117898679	20
2015-05-10 03:09	3433.89473684	15608277.6731	0.795243133984	-0.185845230939	19
2015-05-10 03:25	3495.0	15610767.4737	0.857853767647	-0.200252008774	19
2015-05-10 03:37	3495.0	15610767.4737	0.853701084274	-0.199133282468	19
2015-05-10 03:42	3542.26315789	15362765.2465	0.900930285188	-0.211677323518	19
2015-05-10 03:58	3537.88888889	15910270.321	0.891677888521	-0.205757477355	18
2015-05-10 04:04	3537.88888889	15910270.321	0.887288846501	-0.204626941765	18
2015-05-10 04:15	3601.83333333	16134286.3611	0.952518273724	-0.218010463149	18
2015-05-10 04:26	3601.83333333	16134286.3611	0.947592998141	-0.216825623676	18
2015-05-10 04:32	3601.83333333	16134286.3611	0.942743343603	-0.215653593277	18
2015-05-10 04:48	3712.0	15627411.7778	1.05790284972	-0.245813019021	18
2015-05-10 04:59	3724.94444444	16455629.7191	1.06601534902	-0.241457225261	18
2015-05-10 05:05	3762.05555556	16253906.7191	1.10035331	-0.250863671362	18
2015-05-10 05:21	3409.88235294	14098297.045	0.71099440394	-0.174141401771	17
2015-05-10 05:32	3674.5	14241660.375	0.996296210043	-0.242470229196	16
2015-05-10 05:37	3685.8125	29596473.4023	1.00343016946	-0.169395985628	16
2015-05-10 05:53	3716.9375	29544082.0586	1.03208973938	-0.174389363889	16
2015-05-10 05:59	3716.9375	29544082.0586	1.0265833883	-0.173485792055	16
2015-05-10 06:10	3716.9375	29544082.0586	1.02116423875	-0.172591535395	16
2015-05-10 06:21	3621.76470588	27951120.6505	0.912241404841	-0.158529828176	17
2015-05-10 06:27	3621.76470588	27951120.6505	0.907985743727	-0.157721002523	17
2015-05-10 06:43	3621.76470588	27951120.6505	0.903789091016	-0.156920388297	17
2015-05-10 06:54	3621.76470588	27951120.6505	0.899650095523	-0.156127861083	17
2015-05-10 07:00	3621.76470588	27951120.6505	0.895567448986	-0.155343298967	17
2015-05-10 07:16	3798.70588235	27220690.9135	1.08458306751	-0.190540670057	17
2015-05-10 07:27	3798.70588235	27220690.9135	1.07872979345	-0.189592706524	17
2015-05-10 07:33	3798.70588235	27220690.9135	1.07297027468	-0.188654128769	17
2015-05-10 07:49	4108.3125	53047756.0898	1.40468748852	-0.176982402308	16
2015-05-10 07:55	4108.3125	53047756.0898	1.3945125625	-0.176114841513	16
2015-05-10 08:06	3923.64705882	50472921.0519	1.18425129758	-0.153677407026	17
2015-05-10 08:17	3977.0	50105760.1176	1.23518819111	-0.16102797472	17
2015-05-10 08:23	3991.70588235	50015303.8547	1.24360109955	-0.162474315822	17
2015-05-10 08:39	4023.52941176	55040855.0727	1.27041932349	-0.158424253282	17
2015-05-10 08:50	2653.14285714	8012828.97959	-0.216587023524	0.070890105703	14
2015-05-10 08:56	2686.57142857	8108209.67347	-0.179883992018	0.0583966798619	14
2015-05-10 09:12	2686.57142857	8108209.67347	-0.179443461485	0.058119918346	14
2015-05-10 09:23	2686.57142857	8108209.67347	-0.179006151718	0.0578457677877	14
2015-05-10 09:29	2686.57142857	8108209.67347	-0.178572023662	0.0575741914132	14
2015-05-10 09:45	2891.0	7555944.14286	0.0450359489239	-0.0150074577906	14
2015-05-10 09:56	2891.0	7555944.14286	0.0449308801595	-0.0149376556614	14
2015-05-10 10:02	2953.64285714	7453682.80102	0.113532641686	-0.0379150436902	14
2015-05-10 10:18	2538.84615385	6799531.82249	-0.342716110345	0.119558702317	13
2015-05-10 10:24	2393.66666667	7092157.38889	-0.501756244229	0.171044204952	12
2015-05-10 10:35	2393.66666667	7092157.38889	-0.500321872413	0.170263181185	12
2015-05-10 10:46	2491.83333333	7298412.80556	-0.390395680443	0.130740120552	12
2015-05-10 10:52	2543.08333333	7075426.07639	-0.332621308486	0.112916331947	12
2015-05-10 11:08	2543.08333333	7075426.07639	-0.331788650299	0.112407699821	12
2015-05-10 11:19	2543.08333333	7075426.07639	-0.330962214201	0.111903629418	12
2015-05-10 11:25	2144.58333333	5296389.24306	-0.774109941416	0.301918229996	12
2015-05-10 11:41	2144.58333333	5296389.24306	-0.771361274897	0.300576371196	12
2015-05-10 11:52	2144.58333333	5296389.24306	-0.768641681413	0.299246387252	12
2015-05-10 11:59	2144.58333333	5296389.24306	-0.765950652036	0.297928121229	12
2015-05-10 12:15	2144.58333333	5296389.24306	-0.763287690224	0.296621418943	12
2015-05-10 12:21	2144.58333333	5296389.24306	-0.760652311433	0.295326128904	12
2015-05-10 12:32	2144.58333333	5296389.24306	-0.758044042754	0.294042102257	12
2015-05-10 12:48	2144.58333333	5296389.24306	-0.755462422549	0.292769192723	12
2015-05-10 12:53	2144.58333333	5296389.24306	-0.752907000111	0.291507256547	12
2015-05-10 13:04	2144.58333333	5296389.24306	-0.750377335335	0.290256152442	12
2015-05-10 13:15	2662.41666667	6248943.24306	-0.165627135635	0.058926655527	12
2015-05-10 13:21	2662.41666667	6248943.24306	-0.165264716108	0.0586759038013	12
2015-05-10 13:37	2662.41666667	6248943.24306	-0.164904665319	0.0584272770903	12
2015-05-10 13:48	2662.41666667	6248943.24306	-0.164546957575	0.058180748495	12
2015-05-10 13:54	2662.41666667	6248943.24306	-0.164191567574	0.0579362915686	12
2015-05-10 14:10	2972.75	6110794.52083	0.188703860584	-0.0671968785472	12
2015-05-10 14:21	2972.75	6110794.52083	0.188296348789	-0.0669168915533	12
2015-05-10 14:27	2972.75	6110794.52083	0.187891465746	-0.0666392281028	12
2015-05-10 14:43	2972.75	6110794.52083	0.187489183312	-0.0663638593917	12
2015-05-10 14:54	2972.75	6110794.52083	0.187089473767	-0.0660907570896	12
2015-05-10 15:00	2958.61538462	5643130.85207	0.170474044143	-0.0625428674971	13
2015-05-10 15:11	2958.61538462	5643130.85207	0.170115693108	-0.0622875904869	13
2015-05-10 15:17	2958.61538462	5643130.85207	0.169759592468	-0.0620343888996	13
2015-05-10 15:32	2869.64285714	5342959.51531	0.0667097792539	-0.025003523701	14
2015-05-10 15:43	2869.64285714	5342959.51531	0.0665745505618	-0.0249027030409	14
2015-05-10 15:49	2869.64285714	5342959.51531	0.0664401409237	-0.0248026921853	14
2015-05-10 16:05	3041.64285714	8046242.37245	0.266033056707	-0.0807665947897	14
2015-05-10 16:16	3041.64285714	8046242.37245	0.265465157989	-0.0804448155276	14
2015-05-10 16:22	3041.64285714	8046242.37245	0.26490088068	-0.0801255900692	14
2015-05-10 16:38	3041.64285714	8046242.37245	0.264340186453	-0.0798088881322	14
2015-05-10 16:49	3041.64285714	8046242.37245	0.263783037549	-0.0794946799112	14
2015-05-10 16:55	3041.64285714	8046242.37245	0.263229396763	-0.0791829360684	14
2015-05-10 17:11	3041.64285714	8046242.37245	0.262679227432	-0.0788736277244	14
2015-05-10 17:22	3114.2	7583529.76	0.347475083251	-0.107275939049	15
2015-05-10 17:28	3114.2	7583529.76	0.346719908574	-0.106860140836	15
2015-05-10 17:39	2717.2	6421272.56	-0.122581623568	0.0409871964869	15
2015-05-10 17:45	2717.2	6421272.56	-0.122342127347	0.0408295534235	15
2015-05-10 18:01	2717.2	6421272.56	-0.122104029424	0.0406731183529	15
2015-05-10 18:12	2717.2	6421272.56	-0.121867316245	0.0405178774431	15
2015-05-10 18:18	2543.46666667	6077226.78222	-0.328230932733	0.111964877753	15
2015-05-10 18:34	2587.73333333	5891165.12889	-0.274811925887	0.0950505229672	15
2015-05-10 18:44	2649.0	5724168.53333	-0.201146028875	0.070455628255	15
2015-05-10 18:50	2649.0	5724168.53333	-0.200752311758	0.0701907574721	15
2015-05-10 19:06	2744.26666667	6672511.39556	-0.0862709375713	0.0278877449329	15
2015-05-10 19:19	2744.26666667	6672511.39556	-0.0861086382452	0.0277836861832	15
2015-05-10 19:27	2805.93333333	14807762.4622	-0.0118221287427	0.00255585383239	15
2015-05-10 19:43	2702.5	14042754.125	-0.136360930364	0.0302164352979	16
2015-05-10 19:54	2572.94117647	13485277.5848	-0.292410365489	0.0660015861014	17
2015-05-10 20:00	2559.3125	14324949.8398	-0.308296490164	0.0674034339719	16
2015-05-10 20:16	2766.33333333	14760459.9556	-0.0570810764906	0.0122738531637	15
2015-05-10 20:22	2766.33333333	14760459.9556	-0.056976479965	0.0122290580792	15
2015-05-10 20:33	2799.0	14652289.7333	-0.0171856652612	0.0036954934396	15
2015-05-10 20:44	2754.5	14335330.875	-0.0713158014555	0.0154757883243	16
2015-05-10 20:50	2754.5	14335330.875	-0.0711863026645	0.0154199190523	16
2015-05-10 21:06	2800.0	14160099.625	-0.0154798241905	0.00336778091958	16
2015-05-10 21:17	2711.05882353	13540313.2318	-0.124287763441	0.0276023121416	17
2015-05-10 21:24	2711.05882353	13540313.2318	-0.124062200314	0.0275037324554	17
2015-05-10 21:40	2711.05882353	13540313.2318	-0.123837860833	0.027405854404	17
2015-05-10 21:51	2803.70588235	13191918.2076	-0.00964567509979	0.00215885428031	17
2015-05-10 21:57	2803.70588235	13191918.2076	-0.00962861660695	0.00215122581996	17
2015-05-10 22:15	2504.0	12684568.2353	-0.37959745646	0.0863367408563	17
2015-05-10 22:27	2504.0	12684568.2353	-0.378835154559	0.0860338049235	17
2015-05-10 22:33	2504.0	12684568.2353	-0.378077426819	0.0857329874237	17
2015-05-10 22:45	2504.0	12684568.2353	-0.377324227678	0.0854342662132	17
2015-05-10 22:52	2585.75	13363741.6875	-0.275048760906	0.0605833003366	16
2015-05-10 23:11	2585.75	13363741.6875	-0.274536555134	0.0603736695396	16
2015-05-10 23:18	2585.75	13363741.6875	-0.27402720029	0.0601654844722	16
2015-05-10 23:25	2694.23529412	12770208.6505	-0.138143771833	0.0309783744282	17
2015-05-10 23:41	2739.23529412	12591481.474	-0.0816532384777	0.0184090157929	17
2015-05-10 23:52	2739.23529412	12591481.474	-0.0815128519739	0.0183461863875	17
2015-05-11 00:06	2043.625	2701864.98438	-0.953827752666	0.462659318477	16
2015-05-11 00:13	2065.66666667	2874215.95556	-0.923095122398	0.434051491708	15
2015-05-11 00:26	2065.66666667	2874215.95556	-0.920210952517	0.432585101533	15
2015-05-11 00:32	2065.66666667	2874215.95556	-0.917353649177	0.43112858604	15
2015-05-11 00:48	1772.69230769	1658090.67456	-1.28232764306	0.793244432636	13
2015-05-11 00:59	2040.07692308	1656582.22485	-0.94135471699	0.583206624647	13
2015-05-11 01:05	2042.83333333	1833705.30556	-0.934942143787	0.550441344414	12
2015-05-11 01:21	2155.54545455	2915253.8843	-0.790627928605	0.369089858117	11
2015-05-11 01:27	2135.7	3202447.01	-0.813415705136	0.362074968198	10
2015-05-11 01:38	2046.0	2991776.36364	-0.923857501565	0.425229282314	11
2015-05-11 01:49	2046.0	2991776.36364	-0.921044687718	0.42383050178	11
2015-05-11 01:55	1977.27272727	3093305.28926	-1.00462743362	0.454527030311	11
2015-05-11 02:11	1977.27272727	3093305.28926	-1.00133455648	0.453041647859	11
2015-05-11 02:22	1969.91666667	2737860.57639	-1.00731817702	0.484429856743	12
2015-05-11 02:28	1833.69230769	2749940.8284	-1.17521847969	0.563942553702	13
2015-05-11 02:44	1809.25	2971336.02083	-1.20139913126	0.554950054784	12
2015-05-11 02:56	1809.25	2971336.02083	-1.19667719645	0.553159893317	12
2015-05-11 03:01	1809.25	2971336.02083	-1.1920105043	0.551381244142	12
2015-05-11 03:18	1887.84615385	2897538.13018	-1.08889170247	0.510396242538	13
2015-05-11 03:29	1887.84615385	2897538.13018	-1.08509756391	0.508765583616	13
2015-05-11 03:35	1887.84615385	2897538.13018	-1.08134281189	0.507145311057	13
2015-05-11 03:46	1887.84615385	2897538.13018	-1.07762676964	0.505535325942	13
2015-05-11 03:52	1887.84615385	2897538.13018	-1.07394877657	0.503935530607	13
2015-05-11 04:08	1887.84615385	2897538.13018	-1.07030818775	0.502345828618	13
2015-05-11 04:19	1911.0	2965706.61538	-1.03772975698	0.481532522051	13
2015-05-11 04:25	1911.0	2965706.61538	-1.03435751889	0.480023015712	13
2015-05-11 04:41	1911.0	2965706.61538	-1.03101794415	0.478522943788	13
2015-05-11 04:52	1911.0	2965706.61538	-1.02771050885	0.477032218106	13
2015-05-11 04:58	1911.0	2965706.61538	-1.02443470078	0.47555075159	13
2015-05-11 05:14	2196.58333333	4748006.57639	-0.663978787975	0.243616277405	12
2015-05-11 05:25	2182.16666667	5775679.30556	-0.68055092187	0.226199099963	12
2015-05-11 05:31	2222.66666667	5631270.55556	-0.628275635743	0.211309420255	12
2015-05-11 05:47	2065.53846154	5494367.1716	-0.823986482716	0.280303638101	13
2015-05-11 05:53	2133.53846154	5277997.32544	-0.736551777514	0.255518004503	13
2015-05-11 06:03	2186.23076923	5179632.94675	-0.668660214463	0.233993943187	13
2015-05-11 06:14	2066.35714286	4996465.08673	-0.817830333996	0.291148317075	14
2015-05-11 06:20	2066.35714286	4996465.08673	-0.815763977178	0.290266049448	14
2015-05-11 06:36	2066.35714286	4996465.08673	-0.8137132044	0.289389112742	14
2015-05-11 06:47	2066.35714286	4996465.08673	-0.811677820755	0.288517458788	14
2015-05-11 06:53	2066.35714286	4996465.08673	-0.809657634733	0.287651039993	14
2015-05-11 07:09	2066.35714286	4996465.08673	-0.807652458144	0.286789809335	14
2015-05-11 07:15	2066.35714286	4996465.08673	-0.805662106044	0.285933720351	14
2015-05-11 07:26	2066.35714286	4996465.08673	-0.803686396662	0.285082727136	14
2015-05-11 07:37	2270.66666667	8659534.08889	-0.543913577456	0.146476798238	15
2015-05-11 07:43	2270.66666667	8659534.08889	-0.542870847671	0.146043434929	15
2015-05-11 07:59	2541.42857143	8837914.2449	-0.199454725765	0.0530578217052	14
2015-05-11 08:10	2586.0	10338727.5714	-0.142709052825	0.0350496553241	14
2015-05-11 08:16	2612.07142857	10219866.0663	-0.109433797025	0.0269941636999	14
2015-05-11 08:33	2629.57142857	10246289.3878	-0.0870476187638	0.021413434916	14
2015-05-11 08:44	2548.46666667	9616215.84889	-0.190068149694	0.0481937573477	15
2015-05-11 08:50	2548.46666667	9616215.84889	-0.189781721878	0.0480536592159	15
