2015-05-08 01:31	52.9130434783	5892.9489603	0	0	23
2015-05-08 01:48	51.4347826087	6086.41965974	-inf	0.0189482948545	23
2015-05-08 01:54	43.7916666667	1540.41493056	-11.3406862743	0.213570646383	24
2015-05-08 02:10	51.84	3003.0144	0.615465566958	-0.044893787742	25
2015-05-08 03:45	49.88	2547.4656	-0.0317160720099	0.00227595940457	25
2015-05-08 11:09	26.3684210526	1124.75900277	-7.28531000723	0.703795123331	19
2015-05-08 11:15	28.7916666667	2451.41493056	-1.8583611364	0.348327690736	24
2015-05-08 11:31	17.3103448276	349.317479191	-2.50140508156	1.40523430209	29
2015-05-08 11:42	23.36	614.4704	-1.29133934824	0.683027672627	25
2015-05-08 11:49	24.0833333333	778.743055556	-1.06453888569	0.513390480337	24
2015-05-08 12:05	18.1818181818	393.330578512	-1.39520680695	0.947709437421	22
2015-05-08 12:11	21.0416666667	746.373263889	-1.02096753192	0.52075635995	24
2015-05-08 12:22	25.6666666667	597.936507937	-0.605106757753	0.344190270238	21
2015-05-08 12:37	20.8235294118	478.851211073	-0.930772156878	0.576351879687	17
2015-05-08 12:43	19.6666666667	462.412698413	-0.956367203064	0.598411661819	21
2015-05-08 12:54	10.8333333333	89.0277777778	-1.55672101819	2.20906968919	18
2015-05-08 13:10	12.0476190476	222.616780045	-1.31737483762	1.22829339208	21
2015-05-08 13:16	21.1111111111	1122.32098765	-0.577704343978	0.244321807051	18
2015-05-08 13:27	18.1176470588	893.280276817	-0.77171190298	0.358801280443	17
2015-05-08 13:33	18.75	293.9375	-0.693590292304	0.555685964083	16
2015-05-08 13:44	24.0	897.454545455	-0.280532168578	0.126868398189	22
2015-05-08 14:00	20.8571428571	930.884353741	-0.51052282118	0.221647027083	21
2015-05-08 14:06	14.0	192.962962963	-1.0225923649	0.958331819799	27
2015-05-08 14:17	16.3333333333	462.055555556	-0.798891335251	0.483830372338	24
2015-05-08 14:32	20.56	742.0064	-0.444543156751	0.210726922239	25
2015-05-08 14:38	19.6153846154	423.775147929	-0.508220532961	0.313573784249	26
2015-05-08 14:49	25.2727272727	693.834710744	-0.0439057208318	0.0208630713454	22
2015-05-08 15:05	12.8	309.493333333	-1.05852746751	0.73906378271	30
2015-05-08 15:11	15.15	366.7275	-0.828212852387	0.531984260115	20
2015-05-08 15:22	11.2272727273	113.993801653	-1.12512795363	1.28868343876	22
2015-05-08 15:33	17.5263157895	269.301939058	-0.57040311722	0.426638852334	19
2015-05-08 15:40	14.36	210.2304	-0.819066890734	0.685672657915	25
2015-05-08 15:55	10.8666666667	380.648888889	-1.08723749943	0.672695591172	15
2015-05-08 16:01	6.13043478261	68.2003780718	-1.4434481584	2.11458217887	23
2015-05-08 16:13	8.85714285714	119.836734694	-1.15832596599	1.29922752836	21
2015-05-08 16:29	7.56	64.0864	-1.22557312675	1.88790372935	25
2015-05-08 16:35	9.11764705882	73.9861591696	-1.05847169926	1.52716678262	17
2015-05-08 16:47	8.21052631579	106.166204986	-1.1016182935	1.32846001927	19
2015-05-08 17:03	10.28	93.1616	-0.903918870805	1.16642520826	25
2015-05-08 17:09	8.5	102.583333333	-1.02634146767	1.25881301014	18
2015-05-08 17:20	7.68181818182	46.944214876	-1.06618567508	1.93373210666	22
2015-05-08 17:36	12.375	150.234375	-0.661631696764	0.671680618561	16
2015-05-08 17:43	12.1052631579	82.5152354571	-0.672154164943	0.914432893843	19
2015-05-08 17:54	15.1363636364	382.208677686	-0.413947431587	0.25995906728	22
2015-05-08 18:10	11.2380952381	135.324263039	-0.728982285748	0.762063373491	21
2015-05-08 18:16	8.5	112.05	-0.942987173476	1.07753454731	20
2015-05-08 18:28	8.32142857143	171.860969388	-0.938578932262	0.864765734544	28
2015-05-08 18:44	12.0	336.476190476	-0.614958407905	0.404340480293	21
2015-05-08 18:50	9.19047619048	96.3446712018	-0.84062435304	1.02612245864	21
2015-05-08 19:01	9.11111111111	104.320987654	-0.832712002271	0.97375979088	18
2015-05-08 19:17	6.8	106.64	-1.01280727305	1.16765189047	25
2015-05-08 19:23	13.2	86.2933333333	-0.455355112955	0.583622946145	15
2015-05-08 19:34	6.04	38.7584	-1.05608983832	2.0041779022	25
2015-05-08 19:52	9.25	146.0875	-0.763786399931	0.747256426874	20
2015-05-08 20:03	8.54545454545	82.0661157025	-0.812444604985	1.0563076692	22
2015-05-08 20:13	12.55	286.5475	-0.459147611551	0.318448113433	20
2015-05-08 20:27	16.4347826087	442.941398866	-0.120918899178	0.0669744222437	23
2015-05-08 20:38	10.3333333333	85.5555555556	-0.647836776659	0.809359927991	24
2015-05-08 20:44	15.65	236.3275	-0.177482199068	0.132735455943	20
2015-05-08 21:00	15.0434782609	211.345935728	-0.229117571134	0.179702705624	23
2015-05-08 21:06	16.4583333333	318.748263889	-0.102023608612	0.0646413203916	24
2015-05-08 21:17	12.25	292.6875	-0.476259593096	0.312336586111	16
2015-05-08 21:33	20.0714285714	765.066326531	0.229983068441	-0.0927021002057	14
2015-05-08 21:39	27.3125	1215.33984375	0.882467579702	-0.280092155391	16
2015-05-08 21:50	18.3043478261	314.037807183	0.0546658592429	-0.0340708402635	23
2015-05-08 22:06	28.652173913	3136.57466919	0.998408124676	-0.195380499918	23
2015-05-08 22:12	14.9615384615	138.49852071	-0.265929375511	0.247619307833	26
2015-05-08 22:23	21.15	476.9275	0.304895352844	-0.15192492329	20
2015-05-08 22:39	23.9545454545	534.225206612	0.561903333865	-0.262774623963	22
2015-05-08 22:46	19.5909090909	520.150826446	0.150809081876	-0.0711161332356	22
2015-05-08 22:57	29.6666666667	1106.66666667	1.09316990784	-0.350938168532	18
2015-05-08 23:14	26.08	890.7136	0.740998285417	-0.265487333821	25
2015-05-08 23:21	31.9583333333	1745.20659722	1.284545181	-0.327743610726	24
2015-05-08 23:32	25.52	629.5296	0.660078687415	-0.281614079384	25
2015-05-08 23:48	29.652173913	1144.13988658	1.04119960826	-0.328232457096	23
2015-05-08 23:54	25.8260869565	497.100189036	0.668194139995	-0.319719650804	23
2015-05-09 00:06	31.48	1067.7696	1.19378483613	-0.388303861208	25
2015-05-09 00:22	35.4137931034	1166.03567182	1.54431578872	-0.481957001158	29
2015-05-09 00:28	31.9666666667	972.098888889	1.19075728023	-0.41051983957	30
2015-05-09 00:39	35.7692307692	1006.02366864	1.5255888422	-0.518317789496	26
2015-05-09 00:45	40.04	1004.7584	1.88758137979	-0.646894393048	25
2015-05-09 00:56	49.037037037	2116.48010974	2.6515745828	-0.635777784392	27
2015-05-09 01:12	42.7931034483	3165.68133175	1.98258255953	-0.402536431493	29
2015-05-09 01:18	44.8928571429	3693.66709184	2.10623140445	-0.402717009814	28
2015-05-09 01:29	52.75	2486.9875	2.70339837751	-0.642496602339	20
2015-05-09 01:46	54.4285714286	3443.67346939	2.71557854831	-0.568185591252	28
2015-05-09 01:53	60.36	4851.7504	3.05727626715	-0.558276228184	25
2015-05-09 02:05	54.8	2571.96	2.4706566635	-0.648325196333	30
2015-05-09 02:11	59.3333333333	4256.0	2.70687073701	-0.567754577511	27
2015-05-09 02:28	64.8846153846	4953.94822485	2.97939616196	-0.599200465946	26
2015-05-09 02:44	52.40625	2501.61621094	1.98093320056	-0.584357749947	32
2015-05-09 02:51	62.84375	3565.56933594	2.62535019416	-0.658885902622	32
2015-05-09 03:03	73.2647058824	4412.01816609	3.19279098759	-0.742768926021	34
2015-05-09 03:19	75.6944444444	6106.76774691	3.16473210944	-0.655648608345	36
2015-05-09 03:25	84.3666666667	15721.4322222	3.50441705691	-0.473448054133	30
2015-05-09 03:37	75.56	4727.6864	2.78851543127	-0.726194458268	25
2015-05-09 03:53	89.4444444444	8703.28395062	3.41770259297	-0.67847766111	27
2015-05-09 03:59	91.0322580645	26189.3860562	3.29355153421	-0.396903331116	31
2015-05-09 04:12	76.2666666667	14361.7955556	2.38704352965	-0.407293887501	30
2015-05-09 04:28	68.8846153846	10149.5636095	1.95658669229	-0.406325728008	26
2015-05-09 04:34	84.5769230769	11346.0902367	2.65034946823	-0.527781621847	26
2015-05-09 04:45	87.4166666667	7625.74305556	2.68010893208	-0.669923266624	24
2015-05-09 05:01	38.6086956522	2339.71644612	0.405823305191	-0.188541545809	23
2015-05-09 05:07	35.45	1675.9475	0.26239329183	-0.143450683539	20
2015-05-09 05:18	34.0	1951.6	0.195963138018	-0.0988336264321	25
2015-05-09 05:34	50.9130434783	4111.99243856	0.957588215729	-0.331191980482	23
2015-05-09 05:40	63.6363636364	4295.8677686	1.52289777619	-0.515091744122	22
2015-05-09 05:51	49.7692307692	6961.4852071	0.877829683044	-0.234647543046	26
2015-05-09 06:07	61.96875	9622.84277344	1.41825401536	-0.32209419197	32
2015-05-09 06:13	53.8965517241	4174.64447087	1.03818847282	-0.359597180898	29
2015-05-09 06:24	51.6875	4917.58984375	0.929754063186	-0.29680828836	32
2015-05-09 06:40	59.48	3193.9296	1.27028932997	-0.502855803687	25
2015-05-09 06:46	61.1739130435	3723.70888469	1.33110732906	-0.489313721694	23
2015-05-09 06:57	49.1153846154	11346.1789941	0.779158582628	-0.164630947181	26
2015-05-09 07:14	40.5185185185	2077.13854595	0.391037045159	-0.192768342323	27
2015-05-09 07:21	32.5333333333	1052.31555556	0.0323423142058	-0.0223172502618	30
2015-05-09 07:32	39.275862069	1428.06183115	0.334725416966	-0.197414776193	29
2015-05-09 07:48	42.2592592593	2964.71056241	0.4675025463	-0.19063437227	27
2015-05-09 07:59	44.04	3753.7184	0.545557717949	-0.197047981928	25
2015-05-09 08:05	67.8235294118	12104.4982699	1.62054641006	-0.324982641802	17
2015-05-09 16:32	10.125	122.234375	-1.00141262755	2.01174203811	16
2015-05-09 16:38	9.92307692308	150.224852071	-1.00225049054	1.8161490633	13
2015-05-09 16:54	10.5833333333	106.909722222	-0.964321998059	2.07134740522	12
2015-05-09 17:00	5.94117647059	28.4083044983	-1.16586640367	4.85655693853	17
2015-05-09 17:13	8.52941176471	110.249134948	-1.03843301756	2.19888390798	17
2015-05-09 17:25	7.89473684211	59.2520775623	-1.05837609955	3.05788195851	19
2015-05-09 17:31	10.1538461538	143.514792899	-0.947978610812	1.76065540744	13
2015-05-09 17:47	8.05555555556	227.830246914	-1.03526264567	1.52539939227	18
2015-05-09 17:58	11.7142857143	357.918367347	-0.862451347667	1.01411883589	14
2015-05-09 18:04	5.75	62.3875	-1.1250179736	3.16530471808	20
2015-05-09 18:20	6.70588235294	73.7370242215	-1.07229601399	2.77781819881	17
2015-05-09 18:26	6.05882352941	58.2906574394	-1.09261038966	3.18516141636	17
2015-05-09 18:38	7.63157894737	73.2853185596	-1.01296081882	2.63544205302	19
2015-05-09 18:54	7.17647058824	53.2041522491	-1.02570734976	3.13220382816	17
2015-05-09 19:00	7.11764705882	56.5743944637	-1.02052532715	3.02262866228	17
2015-05-09 19:11	6.61904761905	68.9024943311	-1.03521752674	2.77868554601	21
2015-05-09 19:27	8.25	91.0625	-0.954181031079	2.22837402866	16
2015-05-09 19:33	7.15789473684	79.7119113573	-0.996570764019	2.48668696482	19
2015-05-09 19:44	6.45454545455	62.0661157025	-1.0209727779	2.8869506984	22
2015-05-09 19:59	5.41176470588	56.7128027682	-1.06030480281	3.13687457358	17
2015-05-09 20:05	6.28571428571	44.1088435374	-1.01308431131	3.3999295423	21
2015-05-09 20:16	6.36842105263	71.4958448753	-1.00212090036	2.64177748314	19
2015-05-09 20:27	6.26315789474	67.8781163435	-0.999796027704	2.70494668943	19
2015-05-09 20:33	7.5625	102.99609375	-0.934536304393	2.05251698773	16
2015-05-09 20:49	6.85714285714	87.2653061224	-0.960134208271	2.28987557691	14
2015-05-09 20:55	5.90476190476	36.1814058957	-0.996550433534	3.690037096	21
2015-05-09 21:06	6.94736842105	52.3656509695	-0.94295813203	2.90217077456	19
2015-05-09 21:22	8.16	159.0944	-0.882447195337	1.55755132678	25
2015-05-09 21:28	7.27272727273	104.47107438	-0.917041234805	1.99590226497	22
2015-05-09 21:39	9.36842105263	130.75900277	-0.817132101843	1.58878371387	19
2015-05-09 21:55	5.35714285714	31.3724489796	-0.993215815697	3.93812669519	28
2015-05-09 22:01	5.7	44.01	-0.971264662266	3.25127218982	20
2015-05-09 22:12	7.94444444444	51.9413580247	-0.863984532612	2.661649932	18
2015-05-09 22:28	7.38095238095	36.9024943311	-0.884464481989	3.22988524627	21
2015-05-09 22:34	6.09090909091	28.4462809917	-0.937552341206	3.89675357065	22
2015-05-09 22:45	11.5555555556	106.691358025	-0.685269497546	1.47007475824	18
2015-05-09 23:01	8.57142857143	130.62585034	-0.816945823134	1.58116634344	21
2015-05-09 23:07	9.05555555556	101.052469136	-0.790705349879	1.73809569103	18
2015-05-09 23:18	9.38888888889	107.682098765	-0.771541138497	1.64096248809	18
2015-05-09 23:29	9.47826086957	119.988657845	-0.76362077906	1.53659846929	23
2015-05-09 23:35	8.75	115.1875	-0.792930421019	1.62634875284	20
2015-05-09 23:51	14.0	179.80952381	-0.550152439019	0.902093142944	21
2015-05-09 23:57	15.7391304348	227.93194707	-0.468672400265	0.681086411727	23
2015-05-10 00:08	21.4705882353	717.07266436	-0.205055412119	0.167602780359	17
2015-05-10 00:24	21.7619047619	683.89569161	-0.191054169273	0.159433909925	21
2015-05-10 00:30	26.4444444444	546.802469136	0.024742815126	-0.0230240103742	18
2015-05-10 00:41	19.8636363636	983.299586777	-0.278681451547	0.192797305569	22
2015-05-10 00:57	19.0	363.7	-0.317701955945	0.36039672175	20
2015-05-10 01:02	18.8421052632	865.606648199	-0.323978038215	0.237586571909	19
2015-05-10 01:13	19.0454545455	366.497933884	-0.313467879629	0.352346534238	22
2015-05-10 01:29	22.84	632.0544	-0.135645959603	0.11579417825	25
2015-05-10 01:35	41.6111111111	1403.90432099	0.74192720769	-0.423739943319	18
2015-05-10 01:46	28.8181818182	1570.14876033	0.139988091661	-0.0755014372004	22
2015-05-10 02:02	36.2272727273	1653.72107438	0.487242938847	-0.255337567852	22
2015-05-10 02:08	33.9130434783	1292.77504726	0.376676449858	-0.222767475456	23
2015-05-10 02:19	26.6842105263	737.479224377	0.0346526228047	-0.0270668425502	19
2015-05-10 02:30	31.15	777.8275	0.245687685237	-0.186329789909	20
2015-05-10 02:36	19.44	564.8064	-0.310150850481	0.275300795445	25
2015-05-10 02:52	20.6315789474	378.969529086	-0.252565136666	0.27299173557	19
2015-05-10 02:58	27.7	689.71	0.0849949140701	-0.0679201720058	20
2015-05-10 03:09	27.2608695652	690.366729679	0.0637743730282	-0.0507977349858	23
2015-05-10 03:25	28.7391304348	815.758034026	0.134426250216	-0.0982298149771	23
2015-05-10 03:31	30.65	532.0275	0.225854706761	-0.203810793144	20
2015-05-10 03:42	38.6086956522	1669.19470699	0.608564819531	-0.309235316223	23
2015-05-10 03:58	60.0625	4198.68359375	1.64147764809	-0.525009794997	16
2015-05-10 04:04	67.05	4542.8475	1.96087956691	-0.605673742103	20
2015-05-10 04:15	43.9166666667	1290.40972222	0.832852817786	-0.486327589192	24
2015-05-10 04:26	50.1818181818	2340.96694215	1.12801530093	-0.488631499321	22
2015-05-10 04:32	45.5384615385	2064.32544379	0.899831647637	-0.41537744475	26
2015-05-10 04:47	56.3928571429	2638.09566327	1.41332764377	-0.576825739591	28
2015-05-10 04:53	52.724137931	2534.47562426	1.22769265787	-0.512528157292	29
2015-05-10 05:04	63.7407407407	3211.5994513	1.74316193398	-0.647315686229	27
2015-05-10 05:20	49.1724137931	3564.76337693	1.03637581597	-0.367211908845	29
2015-05-10 05:26	47.78125	3611.67089844	0.965074475459	-0.339780657873	32
2015-05-10 05:37	47.9666666667	2009.16555556	0.969046363656	-0.457347588174	30
2015-05-10 05:53	68.25	3017.60416667	1.92320476795	-0.740509857765	24
2015-05-10 05:59	82.0454545455	7716.40702479	2.54825905958	-0.617762208471	22
2015-05-10 06:10	59.08	4002.2336	1.4371176392	-0.490414880985	25
2015-05-10 06:16	63.4347826087	11101.1153119	1.62724818665	-0.334308055403	23
2015-05-10 06:27	53.5789473684	4038.87534626	1.15900027901	-0.396374838212	19
2015-05-10 06:43	40.6818181818	1453.58057851	0.559344746841	-0.319137533222	22
2015-05-10 06:49	12.0	118.636363636	-0.763273110145	1.52175112742	22
2015-05-10 07:00	8.13333333333	71.5822222222	-0.938530522604	2.40639053172	15
2015-05-10 07:16	4.11538461538	31.6405325444	-1.11946618205	4.31595827012	26
2015-05-10 07:22	5.75	54.8541666667	-1.03797523627	3.04111719558	24
2015-05-10 07:33	7.38095238095	49.8548752834	-0.957582864694	2.94340431631	21
2015-05-10 07:49	20.6842105263	306.32132964	-0.340048722024	0.421587437396	19
2015-05-10 07:55	13.96	156.4384	-0.649685170638	1.12469848374	25
2015-05-10 08:06	17.7083333333	292.956597222	-0.474108623842	0.59892820306	24
2015-05-10 08:12	14.6956521739	380.472589792	-0.612311588447	0.67748749307	23
2015-05-10 08:23	16.1153846154	495.025147929	-0.544425639867	0.527310313502	26
2015-05-10 08:39	19.6818181818	267.398760331	-0.376977716705	0.495964454122	22
2015-05-10 08:45	23.5454545455	643.79338843	-0.196007012735	0.165856207854	22
2015-05-10 08:56	17.7727272727	529.902892562	-0.465011105715	0.432728849254	22
2015-05-10 09:12	18.65	394.9275	-0.422661020307	0.454764335878	20
2015-05-10 09:18	11.8148148148	164.521262003	-0.741781547905	1.23420103852	27
2015-05-10 09:29	13.7857142857	166.882653061	-0.646673381734	1.06719823506	14
2015-05-10 09:45	17.0	337.294117647	-0.493586322489	0.572189020871	17
2015-05-10 09:51	11.7142857143	214.870748299	-0.740879691533	1.07419713212	21
2015-05-10 10:02	11.7142857143	182.680272109	-0.738261637657	1.1596827323	21
2015-05-10 10:18	14.5454545455	205.702479339	-0.602182893215	0.890494782128	22
2015-05-10 10:24	9.46666666667	98.2488888889	-0.84013598873	1.79506305018	15
2015-05-10 10:35	8.88235294118	114.809688581	-0.864520792281	1.70761149501	17
2015-05-10 10:41	9.0	86.2222222222	-0.855576402679	1.9489590204	18
2015-05-10 10:52	5.90909090909	78.3553719008	-0.998489374272	2.38451169687	22
2015-05-10 11:08	8.0	137.0	-0.895155427077	1.61666997662	14
2015-05-10 11:14	11.3529411765	239.051903114	-0.732908125687	1.00159519949	17
2015-05-10 11:25	7.2380952381	41.6099773243	-0.925372478195	3.02803690013	21
2015-05-10 11:41	7.95238095238	80.7120181406	-0.887761052688	2.08511417088	21
2015-05-10 11:46	9.52173913043	197.206049149	-0.809891543629	1.21636896313	23
2015-05-10 11:58	7.13043478261	89.8525519849	-0.920444681154	2.04646008464	23
2015-05-10 12:14	8.69565217391	84.3856332703	-0.842477046081	1.93217962075	23
2015-05-10 12:20	10.2631578947	106.614958449	-0.76492719337	1.5597680419	19
2015-05-10 12:31	11.2222222222	126.617283951	-0.716735426459	1.33989885216	18
2015-05-10 12:47	9.13636363636	113.117768595	-0.813679615478	1.60765880475	22
2015-05-10 12:53	10.8333333333	129.805555556	-0.729991796378	1.34543312556	18
2015-05-10 13:04	5.68181818182	56.3078512397	-0.97319321716	2.72065246164	22
2015-05-10 13:10	13.5263157895	582.775623269	-0.595214280195	0.517164842833	19
2015-05-10 13:21	14.7142857143	172.204081633	-0.5368069114	0.856863042963	14
2015-05-10 13:37	7.94736842105	136.049861496	-0.858897582207	1.54013413319	19
2015-05-10 13:43	13.5625	263.99609375	-0.587174815522	0.755430741805	16
2015-05-10 13:54	11.8823529412	230.92733564	-0.666021443992	0.914921962235	17
2015-05-10 14:10	7.05882352941	104.173010381	-0.895366143749	1.82917424359	17
2015-05-10 14:16	5.4	38.24	-0.971639807266	3.27490065805	20
2015-05-10 14:27	4.31578947368	43.0581717452	-1.01980160298	3.23881735881	19
2015-05-10 14:42	4.66666666667	67.1111111111	-0.998729598038	2.54086125456	18
2015-05-10 14:48	4.08695652174	41.4706994329	-1.02249852744	3.30914985942	23
2015-05-10 14:59	4.75	24.4875	-0.986462499089	4.15498116022	20
2015-05-10 15:10	5.44444444444	32.024691358	-0.949225965801	3.49591490767	18
2015-05-10 15:16	5.17391304348	21.5349716446	-0.958591581845	4.30433133674	23
2015-05-10 15:32	5.54545454545	40.520661157	-0.937085634522	3.0669846715	22
2015-05-10 15:38	5.0	45.6	-0.959773053802	2.9603852427	25
2015-05-10 15:49	7.94117647059	101.702422145	-0.81488992029	1.68276822641	17
2015-05-10 16:05	7.0	50.0	-0.857436863689	2.52358165048	19
2015-05-10 16:11	6.80952380952	154.630385488	-0.863668884087	1.44467809795	21
2015-05-10 16:22	7.47058823529	56.3667820069	-0.828918399035	2.29536857548	17
2015-05-10 16:38	10.9444444444	157.830246914	-0.6589932379	1.08985887374	18
2015-05-10 16:44	8.5	113.15	-0.774936039831	1.51196955216	20
2015-05-10 16:55	5.75	28.8541666667	-0.905141274782	3.49444431677	24
2015-05-10 17:11	7.78947368421	149.429362881	-0.803586878937	1.36278286611	19
2015-05-10 17:17	9.4	163.306666667	-0.723304160699	1.17255349595	15
2015-05-10 17:28	7.30434782609	78.2117202268	-0.822446901535	1.92480554489	23
2015-05-10 17:38	10.55	127.5475	-0.662905738339	1.21411610576	20
2015-05-10 17:44	8.23529411765	108.532871972	-0.773117481517	1.53336152126	17
2015-05-10 18:00	10.0588235294	393.584775087	-0.682458378513	0.710237711163	17
2015-05-10 18:06	9.28571428571	80.8707482993	-0.718054654272	1.64690599942	21
2015-05-10 18:17	8.33333333333	74.9841269841	-0.762226975906	1.81388314673	21
2015-05-10 18:33	5.04545454545	31.5888429752	-0.919651270662	3.36917183419	22
2015-05-10 18:39	5.55	58.7475	-0.891977904696	2.39551380746	20
2015-05-10 18:50	5.52380952381	79.7732426304	-0.890277503562	2.0510139841	21
2015-05-10 19:06	9.3125	113.21484375	-0.703127198917	1.35920456447	16
2015-05-10 19:14	6.84210526316	50.8698060942	-0.821407754103	2.36659743118	19
2015-05-10 19:26	6.0	53.7142857143	-0.859886012126	2.40951583812	21
2015-05-10 19:43	4.2	32.8	-0.944839330448	3.38645499589	25
2015-05-10 19:49	5.63636363636	44.3223140496	-0.871592284515	2.68682148214	22
2015-05-10 20:00	6.26315789474	42.404432133	-0.838252071862	2.64066690923	19
2015-05-10 20:15	5.85	42.8275	-0.855820541232	2.68120422344	20
2015-05-10 20:21	6.77272727273	49.9938016529	-0.808119776975	2.34214766504	22
2015-05-10 20:33	10.375	126.734375	-0.629824410862	1.14576589017	16
2015-05-10 20:39	7.76470588235	83.4740484429	-0.75584420819	1.69242323478	17
2015-05-10 20:50	8.36842105263	160.864265928	-0.724191301089	1.16719020386	19
2015-05-10 21:06	6.16	53.3344	-0.830354606841	2.32224892714	25
2015-05-10 21:12	6.83333333333	61.5555555556	-0.794884142943	2.06813062574	24
2015-05-10 21:23	8.40909090909	64.0599173554	-0.715349983252	1.82326063254	22
2015-05-10 21:39	8.95238095238	36.8072562358	-0.686791690421	2.30731368954	21
2015-05-10 21:45	9.13043478261	78.809073724	-0.67627516575	1.55124176395	23
2015-05-10 21:56	9.55555555556	56.2469135802	-0.653655805366	1.77308810203	18
2015-05-10 22:14	8.15	135.1275	-0.721190453724	1.26087995729	20
2015-05-10 22:21	10.6666666667	267.422222222	-0.59535321115	0.739278551032	15
2015-05-10 22:33	9.58823529412	152.359861592	-0.647125754341	1.06340581887	17
2015-05-10 22:45	8.2	63.66	-0.714053163713	1.81345226857	20
2015-05-10 22:51	10.0	173.7	-0.623295570148	0.957493143948	20
2015-05-10 23:10	9.86666666667	404.115555556	-0.628406402556	0.63222715262	15
2015-05-10 23:16	8.84210526316	59.1855955679	-0.677621846445	1.7795688543	19
2015-05-10 23:24	10.2142857143	90.7397959184	-0.607961490945	1.28828397015	14
2015-05-10 23:40	10.0555555556	103.830246914	-0.614422403938	1.21583345627	18
2015-05-10 23:46	11.6666666667	161.022222222	-0.533006762138	0.846059144622	15
2015-05-10 23:58	12.5	345.375	-0.490432229007	0.530908539368	16
2015-05-11 00:13	12.0588235294	286.996539792	-0.511368595234	0.606494919865	17
2015-05-11 00:20	10.2941176471	134.678200692	-0.598228045619	1.03445577311	17
2015-05-11 00:32	12.05	346.3475	-0.509281593129	0.548566919494	20
2015-05-11 00:48	9.9	155.19	-0.615601675473	0.989372880544	20
2015-05-11 00:54	17.2666666667	230.862222222	-0.245875066903	0.323654927764	15
2015-05-11 01:05	12.6086956522	160.238185255	-0.478697457479	0.755175268212	23
2015-05-11 01:21	16.2941176471	253.85467128	-0.292943301486	0.366698203413	17
2015-05-11 01:27	16.1764705882	687.674740484	-0.298329194543	0.226553079779	17
2015-05-11 01:38	17.2	382.826666667	-0.246324700611	0.250336962439	15
2015-05-11 01:49	14.6296296296	279.048010974	-0.375361147862	0.446130995057	27
2015-05-11 01:54	13.6363636364	269.685950413	-0.424763554942	0.512818603559	11
2015-05-11 02:10	15.5	356.027777778	-0.329829605703	0.346111677923	18
2015-05-11 02:16	19.1111111111	699.098765432	-0.146598666316	0.109623557856	18
2015-05-11 02:27	25.3529411765	1719.05190311	0.169835917985	-0.0808618823955	17
2015-05-11 02:44	24.7894736842	537.218836565	0.140967470464	-0.119874017698	19
2015-05-11 02:50	19.5	852.95	-0.128051540979	0.0862826960837	20
2015-05-11 03:01	32.0952380952	1075.60997732	0.513198643132	-0.307452095255	21
2015-05-11 03:17	16.8518518519	348.866941015	-0.264562421539	0.277976860776	27
2015-05-11 03:24	25.1052631579	682.831024931	0.15706142832	-0.11778314472	19
2015-05-11 03:35	18.5	541.25	-0.180782224927	0.152039980562	16
2015-05-11 03:46	22.3636363636	518.867768595	0.0172798879497	-0.0148201293881	22
2015-05-11 03:52	28.1739130435	859.013232514	0.315131146205	-0.209724536866	23
2015-05-11 04:08	33.7777777778	2672.0617284	0.602291021633	-0.226949232453	18
2015-05-11 04:14	34.8571428571	3140.12244898	0.656482246415	-0.227962280901	21
2015-05-11 04:25	24.6315789474	509.811634349	0.1290563241	-0.111122688041	19
2015-05-11 04:41	32.6666666667	2188.44444444	0.542780714132	-0.225228235852	18
2015-05-11 04:46	24.375	687.067708333	0.114084568931	-0.0843955298162	24
2015-05-11 04:58	22.0740740741	471.327846365	-0.00493559662605	0.00440159355042	27
2015-05-11 05:13	18.9565217391	342.737240076	-0.166196328403	0.17354236103	23
2015-05-11 05:19	17.3636363636	293.595041322	-0.248456393207	0.279894140939	22
2015-05-11 05:30	19.8636363636	345.208677686	-0.118352756648	0.122781612678	22
2015-05-11 05:46	20.625	720.317708333	-0.0786109817061	0.0563722279599	24
2015-05-11 05:52	26.9444444444	1272.38580247	0.250352880842	-0.134875248171	18
2015-05-11 06:03	16.6666666667	250.088888889	-0.2856313597	0.346602624318	15
2015-05-11 06:09	20.5714285714	190.673469388	-0.0814038808404	0.112972162848	14
2015-05-11 06:20	15.4347826087	304.506616257	-0.349726741219	0.383489244957	23
2015-05-11 06:36	19.2105263158	288.48199446	-0.151555052254	0.170514832823	19
2015-05-11 06:42	17.9545454545	412.225206612	-0.217144755743	0.204079269849	22
2015-05-11 06:53	19.5294117647	567.07266436	-0.134156022398	0.107347237177	17
2015-05-11 07:09	13.8	310.56	-0.435076091995	0.4697413582	15
2015-05-11 07:15	13.8260869565	265.534971645	-0.432937704151	0.504904290882	23
2015-05-11 07:26	14.32	229.3376	-0.406158012913	0.509073439908	25
2015-05-11 07:32	14.0909090909	175.719008264	-0.41754616387	0.597150628638	22
2015-05-11 07:43	8.77272727273	39.9938016529	-0.697694215078	2.08896328978	22
2015-05-11 07:59	13.1	200.39	-0.467471289131	0.624815706454	20
2015-05-11 08:05	8.82608695652	85.3610586011	-0.692785395108	1.41712494077	23
2015-05-11 08:16	9.91666666667	88.6597222222	-0.633546220204	1.27064733039	24
2015-05-11 08:32	12.4545454545	237.79338843	-0.49775456793	0.609042269011	22
2015-05-11 08:38	13.2727272727	261.925619835	-0.453446785556	0.528075890837	22
2015-05-11 08:49	11.8571428571	108.027210884	-0.527851393714	0.956105987231	21
