2015-05-08 01:48	66.5	3426.16666667	nan	nan	24
2015-05-08 02:04	43.7857142857	2346.16836735	-inf	0.468942394609	28
2015-05-08 11:10	33.28	2260.0416	-1.92503144654	0.459884423876	25
2015-05-08 11:26	41.8636363636	2615.29958678	-0.432171928388	0.117160769393	22
2015-05-08 11:32	33.2857142857	894.965986395	-1.06414993121	0.436944484149	21
2015-05-08 11:43	40.7	2296.61	-0.250092885958	0.0634980195306	20
2015-05-08 11:59	38.0434782609	1275.78071834	-0.465052014068	0.145370830523	23
2015-05-08 12:05	52.2916666667	4838.28993056	0.933515186073	-0.140855326759	24
2015-05-08 12:16	42.8076923077	1637.77071006	-0.088126028555	0.0225129203172	26
2015-05-08 12:22	47.12	2169.0656	0.359176059185	-0.0752031894211	25
2015-05-08 12:38	55.7083333333	4812.28993056	1.26100923171	-0.169243615863	24
2015-05-08 12:49	60.36	5670.9504	1.61363278842	-0.20350232519	25
2015-05-08 12:55	55.619047619	4465.85487528	0.927817282054	-0.139267872103	21
2015-05-08 13:11	48.6666666667	2550.55555556	0.164657513112	-0.032444946774	12
2015-05-08 13:22	48.375	2989.234375	0.128128355446	-0.0224944795981	16
2015-05-08 13:28	51.7222222222	3205.75617284	0.484475710462	-0.0793913823715	18
2015-05-08 13:38	61.65	9642.9275	1.56276609272	-0.144013807509	20
2015-05-08 13:54	68.5833333333	12807.4097222	2.15617631784	-0.178876142093	24
2015-05-08 14:00	52.962962963	4210.03566529	0.341814674997	-0.0539167879049	27
2015-05-08 14:11	46.4	2193.24	-0.325120178627	0.0693693641469	20
2015-05-08 14:17	57.1666666667	3255.36111111	0.786520690661	-0.134612029437	18
2015-05-08 14:33	72.619047619	6200.23582766	2.35463531404	-0.289136213432	21
2015-05-08 14:44	66.08	6575.9136	1.43734612699	-0.187356665906	25
2015-05-08 14:50	64.9565217391	4494.0415879	1.24247427425	-0.200023216387	23
2015-05-08 15:06	56.1612903226	6443.94172737	0.37204796906	-0.0505160773053	31
2015-05-08 15:17	63.2258064516	8098.43288241	1.02321826445	-0.121761186611	31
2015-05-08 15:23	51.1666666667	4353.53888889	-0.142213505566	0.0230843005825	30
2015-05-08 15:34	51.0588235294	2984.87889273	-0.149760017736	0.0288202010434	17
2015-05-08 15:50	57.380952381	3077.18820862	0.465097093368	-0.0865979893246	21
2015-05-08 15:56	62.28	7744.5216	0.936237148812	-0.108373605899	25
2015-05-08 16:07	86.7368421053	9615.87811634	3.3143259603	-0.343421715846	19
2015-05-08 16:13	79.8947368421	9275.35734072	2.21343466649	-0.26734566465	19
2015-05-08 16:29	62.4	2652.37333333	0.60582665887	-0.144624779019	15
2015-05-08 16:41	53.0	5142.35294118	-0.178853910502	0.0303632987816	17
2015-05-08 16:48	62.65	5842.1275	0.628097409945	-0.0986040283152	20
2015-05-08 17:04	58.52	2484.8096	0.268337666931	-0.0640217580784	25
2015-05-08 17:15	59.44	5058.0864	0.342695498454	-0.0565619607216	25
2015-05-08 17:21	56.962962963	4985.59122085	0.123905659009	-0.0203507547915	27
2015-05-08 17:37	73.4166666667	5491.74305556	1.55977725997	-0.240908414678	24
2015-05-08 17:48	65.7083333333	3985.28993056	0.831826803285	-0.153443085594	24
2015-05-08 17:54	64.6315789474	2703.28531856	0.721507604799	-0.1609406799	19
2015-05-08 18:11	33.1111111111	1219.09876543	-2.02611349017	0.66894897603	18
2015-05-08 18:22	34.7586206897	1992.52794293	-1.77259145097	0.473884388938	29
2015-05-08 18:28	34.5666666667	2320.04555556	-1.70687186466	0.432935701695	30
2015-05-08 18:44	50.0	3259.12	-0.396591008677	0.0866350210345	25
2015-05-08 18:55	65.6363636364	10997.1404959	0.874300955759	-0.102991076258	22
2015-05-08 19:02	69.7692307692	11229.9467456	1.19312898787	-0.138702151459	26
2015-05-08 19:18	54.8636363636	3436.0268595	-0.0420235615248	0.0088686727693	22
2015-05-08 19:29	55.7142857143	3978.48979592	0.0279069191138	-0.00541605565063	21
2015-05-08 19:45	55.7222222222	3167.64506173	0.0282755151661	-0.00608693478524	18
2015-05-08 19:56	60.8695652174	11804.5482042	0.457142198062	-0.0504660735052	23
2015-05-08 20:06	49.2592592593	2835.5994513	-0.523911241409	0.117083594927	27
2015-05-08 20:20	46.8	3881.36	-0.725606687207	0.13762480112	25
2015-05-08 20:27	39.72	1474.4416	-1.3171008068	0.403462211615	25
2015-05-08 20:39	55.6666666667	3339.30555556	0.0626110351413	-0.0128270758303	24
2015-05-08 20:55	51.75	5394.27083333	-0.271835549231	0.0434185931313	24
2015-05-08 21:01	38.8846153846	1347.25591716	-1.37511324517	0.435835862984	26
2015-05-08 21:12	50.3333333333	3620.13888889	-0.364140504971	0.0709347936613	24
2015-05-08 21:18	61.4782608696	5832.68431002	0.597511362019	-0.0910089639052	23
2015-05-08 21:34	58.2692307692	5560.04289941	0.313243594289	-0.0485974402157	26
2015-05-08 21:45	58.0	3751.2	0.286918240351	-0.053783433012	25
2015-05-08 21:51	47.7	2749.07666667	-0.61961377621	0.134650096768	30
2015-05-08 22:07	47.9333333333	7207.52888889	-0.592120464333	0.0790688584034	15
2015-05-08 22:18	61.5909090909	9778.6053719	0.625253847676	-0.0713078251073	22
2015-05-08 22:24	28.3	1457.01	-2.34775847237	0.690309927601	10
2015-05-08 22:40	24.9230769231	640.840236686	-2.52785465228	1.15826314065	13
2015-05-08 22:51	25.7058823529	1433.97231834	-2.3304180741	0.741900489444	17
2015-05-08 22:58	21.4210526316	321.191135734	-2.56898268996	1.78328417306	19
2015-05-08 23:15	34.6923076923	777.136094675	-1.40855133976	0.653525053461	13
2015-05-08 23:27	57.0769230769	2217.91715976	0.340174907947	-0.0940704816072	13
2015-05-08 23:33	61.5	1108.08333333	0.679253187887	-0.264060491435	12
2015-05-08 23:49	39.6470588235	1302.2283737	-1.02294606118	0.365420995384	17
2015-05-09 00:00	45.2631578947	1389.66759003	-0.572948883269	0.198171361635	19
2015-05-09 00:06	50.5789473684	2084.55955679	-0.153537785042	0.0431586356176	19
2015-05-09 00:22	62.2941176471	9449.97231834	0.766440203165	-0.100516494321	17
2015-05-09 00:33	31.5	509.472222222	-1.66387320619	0.93715987407	18
2015-05-09 00:39	43.8666666667	1646.51555556	-0.661737236393	0.209676434033	15
2015-05-09 00:50	43.5909090909	1999.33264463	-0.677091959866	0.193974633343	22
2015-05-09 01:06	47.95	1456.2475	-0.329273362235	0.110141108985	20
2015-05-09 01:12	49.4761904762	2669.86848073	-0.206713514514	0.0507768724862	21
2015-05-09 01:24	41.2	1447.86	-0.861362836634	0.285594186336	20
2015-05-09 01:30	56.9166666667	4044.07638889	0.395683167733	-0.0783694644016	12
2015-05-09 01:47	44.3529411765	1404.58131488	-0.609785633127	0.20387431581	17
2015-05-09 01:58	51.125	3501.859375	-0.0622183918499	0.0131240152362	16
2015-05-09 02:06	51.1428571429	3434.55102041	-0.060406363022	0.0127895247724	14
2015-05-09 02:23	40.8181818182	3139.87603306	-0.897057823532	0.1974742142	22
2015-05-09 02:29	45.15	2690.9275	-0.536089793408	0.127325506094	20
2015-05-09 02:45	48.0416666667	2750.12326389	-0.29644668339	0.0693593667281	24
2015-05-09 02:57	48.2173913043	3942.77882798	-0.28021374393	0.0544700611585	23
2015-05-09 03:03	55.2692307692	3963.96597633	0.302245437893	-0.0582911010197	26
2015-05-09 03:20	58.5769230769	5047.93639053	0.574202973138	-0.0976360070573	26
2015-05-09 03:31	82.3333333333	5896.72222222	2.54376335577	-0.398711517657	24
2015-05-09 03:37	78.4347826087	6495.11531191	2.13056963094	-0.327398104704	23
2015-05-09 03:54	49.7058823529	2845.73702422	-0.208238990306	0.0492424180841	17
2015-05-09 04:07	41.0714285714	1207.92346939	-0.895071157351	0.323214067192	14
2015-05-09 04:13	43.9090909091	1457.90082645	-0.660266031224	0.216786908906	11
2015-05-09 04:29	52.6363636364	2973.32231405	0.0428851315144	-0.00983046122446	11
2015-05-09 04:40	49.8421052632	4081.71191136	-0.182048016204	0.0354329071463	19
2015-05-09 04:46	43.7368421053	1235.03601108	-0.674505494561	0.237483774318	19
2015-05-09 05:02	40.3333333333	2656.55555556	-0.945387384838	0.226323512345	18
2015-05-09 05:12	51.4285714286	4161.57823129	-0.0367526016616	0.0070256761	21
2015-05-09 05:18	72.6315789474	7454.4432133	1.69136018791	-0.24038080403	19
2015-05-09 05:34	49.875	3021.734375	-0.178166124864	0.0401268590643	16
2015-05-09 05:45	36.5555555556	1069.02469136	-1.25820674607	0.474181603841	18
2015-05-09 05:51	43.9473684211	1129.94459834	-0.644471494724	0.236888590027	19
2015-05-09 06:07	78.8571428571	7390.97959184	2.19320996766	-0.314323968688	14
2015-05-09 06:18	67.1153846154	6059.71745562	1.19844023553	-0.193026563292	26
2015-05-09 06:24	61.2083333333	4216.41493056	0.714695746795	-0.138271549286	24
2015-05-09 06:40	66.3888888889	6951.45987654	1.12302489034	-0.168825976519	18
2015-05-09 06:52	71.7272727273	6584.56198347	1.53687714356	-0.237662309354	22
2015-05-09 06:58	54.25	3855.4375	0.129318985084	-0.026293011877	24
2015-05-09 07:15	43.4285714286	2043.00680272	-0.732272556223	0.20361993846	21
2015-05-09 07:27	27.8181818182	1223.51239669	-1.9718912769	0.707051199371	22
2015-05-09 07:43	30.5	1354.95	-1.71904366915	0.593080371249	20
2015-05-09 07:49	28.35	910.3275	-1.85760974166	0.788474946195	20
2015-05-09 08:00	41.3043478261	1176.82041588	-0.821316854792	0.309821330399	23
2015-05-09 16:33	66.9	6157.95666667	1.16535677562	-0.191900137947	30
2015-05-09 16:49	60.1538461538	7586.05325444	0.63239949916	-0.0939637443554	26
2015-05-09 16:55	67.6551724138	7679.88109394	1.20978155852	-0.178194008581	29
2015-05-09 17:06	58.9130434783	5335.99243856	0.521370192849	-0.0923047161458	23
2015-05-09 17:25	59.4827586207	3790.18073722	0.562793607703	-0.117863322587	29
2015-05-09 17:41	56.0909090909	5820.90082645	0.295908788444	-0.0498640856727	22
2015-05-09 17:47	59.0	2200.3	0.521712170764	-0.142456962604	20
2015-05-09 17:58	47.8095238095	2755.48752834	-0.357276275655	0.0869172472726	21
2015-05-09 18:14	40.68	1385.6576	-0.915915870981	0.313107709431	25
2015-05-09 18:21	46.1	2192.62333333	-0.482987838761	0.131168215473	30
2015-05-09 18:33	56.2142857143	2561.88265306	0.317168792413	-0.0794431859103	28
2015-05-09 18:49	46.1818181818	2586.87603306	-0.47836483468	0.11881536413	11
2015-05-09 18:55	41.375	2221.484375	-0.857722938144	0.229198248302	24
2015-05-09 19:05	26.5294117647	697.190311419	-2.03192390847	0.968194642252	17
2015-05-09 19:11	31.0588235294	779.702422145	-1.6369037622	0.746280331599	17
2015-05-09 19:27	29.35	1132.4275	-1.74760850411	0.66529605511	20
2015-05-09 19:38	46.3333333333	1800.12698413	-0.405555831507	0.123393062252	21
2015-05-09 19:44	47.0	1943.25	-0.351971823081	0.10274595623	24
2015-05-09 20:00	49.7777777778	2321.43209877	-0.133922090853	0.0356508172932	27
2015-05-09 20:11	55.875	5754.109375	0.34369796448	-0.0579025282723	24
2015-05-09 20:17	70.2173913043	6510.25708885	1.46825125029	-0.231791173167	23
2015-05-09 20:28	78.0	7507.5	2.0599646728	-0.304093522563	20
2015-05-09 20:44	65.08	5325.5936	1.02308975174	-0.181393672347	25
2015-05-09 20:50	71.3928571429	13098.0956633	1.50342058211	-0.169992603311	28
2015-05-09 21:01	49.6206896552	3891.20095125	-0.188953223635	0.0393719814875	29
2015-05-09 21:17	49.875	2592.52604167	-0.16862546192	0.0428988672206	24
2015-05-09 21:23	57.5909090909	2320.24173554	0.42970095243	-0.115157650863	22
2015-05-09 21:34	50.6896551724	3705.24851367	-0.108220736453	0.0228850184644	29
2015-05-09 21:40	39.4583333333	1459.08159722	-0.983381934742	0.330245053776	24
2015-05-09 21:56	39.0909090909	1650.3553719	-1.00538008525	0.31742130527	22
2015-05-09 22:07	41.9677419355	2981.57960458	-0.774188409411	0.181854369569	31
2015-05-09 22:13	36.40625	1377.80371094	-1.20418235282	0.415527915186	32
2015-05-09 22:29	51.4166666667	1820.49305556	-0.0241086111663	0.00724810193895	24
2015-05-09 22:40	65.08	4648.5536	1.04471103467	-0.195894590996	25
2015-05-09 22:46	64.16	4745.8944	0.965513618291	-0.179228194868	25
2015-05-09 23:02	77.1071428571	9384.52423469	1.97203707911	-0.260261259883	28
2015-05-09 23:13	61.92	7695.9136	0.764012564172	-0.112388924283	25
2015-05-09 23:19	51.88	2734.1856	-0.0190089066758	0.00468488781679	25
2015-05-09 23:30	56.2	10199.04	0.317364519342	-0.0403664578754	25
2015-05-09 23:46	72.4137931034	13536.863258	1.58215893713	-0.174168084295	29
2015-05-09 23:51	41.8125	3560.52734375	-0.813369128053	0.175415640608	16
2015-05-10 00:02	45.6	2785.34	-0.514433439818	0.125300684853	20
2015-05-10 00:18	47.7727272727	1275.5392562	-0.342956911857	0.123151780616	22
2015-05-10 00:24	58.619047619	3410.71201814	0.506343320339	-0.110882029176	21
2015-05-10 00:35	56.2083333333	6209.91493056	0.315415906322	-0.051069971984	24
2015-05-10 00:41	56.6538461538	4665.07248521	0.349352725409	-0.0650790172429	26
2015-05-10 00:57	59.8148148148	2289.55829904	0.597253994563	-0.15838287479	27
2015-05-10 01:08	70.2857142857	2927.06122449	1.42160695866	-0.332756880368	28
2015-05-10 01:14	76.2222222222	2384.02469136	1.875957108	-0.488047800029	27
2015-05-10 01:30	89.0	9017.28	2.84901665007	-0.383985418568	25
2015-05-10 01:41	85.7083333333	18000.8732639	2.52153950789	-0.245601409726	24
2015-05-10 01:47	70.9583333333	9216.28993056	1.35630187078	-0.187542577694	24
2015-05-10 02:03	70.3913043478	5463.45557656	1.30230567623	-0.234460229069	23
2015-05-10 02:14	66.0434782609	7010.0415879	0.965916523489	-0.153832772095	23
2015-05-10 02:19	71.4090909091	9068.87809917	1.36291766955	-0.190796230187	22
2015-05-10 02:30	61.0	5133.52380952	0.572738332734	-0.106831156627	21
2015-05-10 02:46	57.9444444444	4810.16358025	0.341444038669	-0.0656654085317	18
2015-05-10 02:52	45.9	1338.89	-0.564979219676	0.205420849812	20
2015-05-10 03:03	64.0	2227.18181818	0.800325244958	-0.225174700209	22
2015-05-10 03:09	73.7916666667	2790.91493056	1.53478351684	-0.38534850041	24
2015-05-10 03:26	38.2333333333	2661.51222222	-1.15034124018	0.296887550796	30
2015-05-10 03:37	33.9310344828	1341.78834721	-1.46566054215	0.533221943364	29
2015-05-10 03:43	44.8518518519	2103.82990398	-0.635920026165	0.185351183019	27
2015-05-10 03:59	69.0	3631.03703704	1.17588041553	-0.26044708349	27
2015-05-10 04:09	55.4230769231	2836.16715976	0.151934924376	-0.0381167021103	26
2015-05-10 04:15	73.4090909091	5690.96900826	1.50135852251	-0.265179273856	22
2015-05-10 04:26	64.3181818182	5225.21694215	0.808083073062	-0.149461237341	22
2015-05-10 04:42	55.5384615385	1995.24852071	0.147125037602	-0.0439943018879	26
2015-05-10 04:48	61.15	3027.0275	0.567957832568	-0.137517645982	20
2015-05-10 04:59	70.8695652174	3308.7221172	1.29688984311	-0.299795292211	23
2015-05-10 05:05	68.2	3954.96	1.08718726001	-0.2302869439	25
2015-05-10 05:21	70.275862069	5151.92390012	1.23662685328	-0.229611608413	29
2015-05-10 05:32	72.44	4236.9664	1.39050790881	-0.285093235183	25
2015-05-10 05:38	82.2173913043	5785.03969754	2.11062721436	-0.371242357617	23
2015-05-10 05:54	77.0434782609	10688.2155009	1.69751831095	-0.221639725268	23
2015-05-10 06:05	49.8888888889	1609.54320988	-0.321475822062	0.108691210899	18
2015-05-10 06:10	37.75	888.6875	-1.21756397744	0.552710362464	12
2015-05-10 06:21	51.8333333333	2142.58333333	-0.170347031041	0.0498631357877	18
2015-05-10 06:27	63.2	3602.76	0.671130419594	-0.15111702835	20
2015-05-10 06:43	83.25	11639.9375	2.15424854134	-0.269481641086	24
2015-05-10 06:54	45.4285714286	2572.3877551	-0.653137585571	0.175394513922	14
2015-05-10 07:00	25.1875	517.65234375	-2.13906957184	1.2786450255	16
2015-05-10 07:16	48.3846153846	2022.08284024	-0.418875608187	0.127817784366	26
2015-05-10 07:27	57.0	5454.0	0.211537383192	-0.0392222655751	24
2015-05-10 07:33	50.2631578947	6146.61495845	-0.282181731688	0.0491670469563	19
2015-05-10 07:49	52.9259259259	5814.14266118	-0.0860490140274	0.0153804579459	27
2015-05-10 08:00	74.4347826087	11041.7240076	1.4962180278	-0.193585557257	23
2015-05-10 08:06	64.0434782609	4732.65028355	0.722349530715	-0.143186127154	23
2015-05-10 08:17	56.1538461538	3043.74556213	0.140410697739	-0.0346648577304	26
2015-05-10 08:33	57.5185185185	3269.87928669	0.240493970144	-0.0571466484203	27
2015-05-10 08:39	55.1578947368	1854.86980609	0.0657472817684	-0.0206955893384	19
2015-05-10 08:50	34.4210526316	1037.40166205	-1.46773288752	0.616287330428	19
2015-05-10 08:56	38.35	1515.5275	-1.16695843215	0.406512660139	20
2015-05-10 09:12	60.7727272727	5497.72107438	0.49164510511	-0.0899973621681	22
2015-05-10 09:24	57.72	3369.5616	0.264868211116	-0.0618195506075	25
2015-05-10 09:30	55.32	2036.9376	0.0866592857405	-0.0259567046153	25
2015-05-10 09:45	46.6666666667	1733.74603175	-0.555168702794	0.179819396799	21
2015-05-10 09:56	57.15	2999.5275	0.225115856479	-0.0553447052544	20
2015-05-10 10:02	53.6086956522	2562.06427221	-0.0390294883564	0.0103592567196	23
2015-05-10 10:18	54.1923076923	4412.46301775	0.00460311321921	-0.000928818935947	26
2015-05-10 10:29	51.6666666667	2417.47222222	-0.184275956266	0.0501187517523	24
2015-05-10 10:35	62.0	3560.81818182	0.590620202953	-0.132061645547	22
2015-05-10 10:46	51.8518518519	3788.27434842	-0.172925692435	0.0374309566833	27
2015-05-10 11:02	63.5	4393.55769231	0.703733163566	-0.141132750055	26
2015-05-10 11:08	45.0322580645	4688.16024974	-0.689528020362	0.133714232079	31
2015-05-10 11:19	45.03125	1836.40527344	-0.687303408015	0.212702714865	32
2015-05-10 11:25	54.8928571429	2652.59566327	0.0594627110713	-0.0152932292373	28
2015-05-10 11:41	67.1363636364	5114.1177686	0.985706904002	-0.182171298829	22
2015-05-10 11:53	32.8571428571	1370.12244898	-1.61247360218	0.575703301935	14
2015-05-10 11:59	38.5454545455	2027.24793388	-1.17075641346	0.344847115761	22
2015-05-10 12:15	63.4	3163.44	0.707951268264	-0.167065621302	25
2015-05-10 12:26	66.75	4517.04464286	0.958285953116	-0.189039108774	28
2015-05-10 12:32	72.3666666667	8028.16555556	1.37798000279	-0.203862260064	30
2015-05-10 12:48	58.7826086957	2946.17013233	0.34651704427	-0.0847892074326	23
2015-05-10 12:59	27.4	432.84	-2.02175648508	1.28818190398	10
2015-05-10 13:05	31.0	541.692307692	-1.72997184386	0.991839614493	13
2015-05-10 13:16	29.1176470588	727.98615917	-1.85567963294	0.9216488277	17
2015-05-10 13:21	41.0714285714	1910.35204082	-0.950739250962	0.293008729898	14
2015-05-10 13:37	48.0	1324.875	-0.432407832834	0.159988645098	16
2015-05-10 13:48	62.9411764706	5556.99653979	0.680045413348	-0.122644369326	17
2015-05-10 13:54	63.25	5704.7875	0.70093653455	-0.124621149916	20
2015-05-10 14:10	80.2142857143	3048.88265306	1.96338499793	-0.476979183254	14
2015-05-10 14:21	73.0	7243.2	1.40894776721	-0.223392511375	20
2015-05-10 14:27	71.9444444444	5437.7191358	1.32212909443	-0.242432106903	18
2015-05-10 14:43	54.125	1807.984375	-0.0012385467515	0.000394465389497	16
2015-05-10 14:54	76.6	4006.24	1.66182726313	-0.354820198916	5
2015-05-10 15:00	42.8	2210.29333333	-0.843066077414	0.243216174883	15
2015-05-10 15:11	43.2	2183.26	-0.810592115115	0.23514957795	20
2015-05-10 15:27	52.2727272727	1949.38016529	-0.138033179869	0.0423469333724	22
2015-05-10 15:33	61.1	2831.19	0.515250949788	-0.130903058776	20
2015-05-10 15:44	60.9047619048	6244.65759637	0.499461021251	-0.0853124658862	21
2015-05-10 15:50	64.1428571429	5394.59863946	0.738460000882	-0.135503618855	21
2015-05-10 16:05	58.0	4759.38461538	0.279948082327	-0.0546393061805	26
2015-05-10 16:16	67.7826086957	4259.64839319	1.00721691305	-0.207411921798	23
2015-05-10 16:22	76.2727272727	5990.10743802	1.63486165402	-0.28390323477	22
2015-05-10 16:38	87.3333333333	16848.031746	2.44321989129	-0.253821157029	21
2015-05-10 16:49	71.28	18330.2816	1.23101464159	-0.123805190384	25
2015-05-10 16:55	46.8928571429	6280.30994898	-0.564304383156	0.0970554363479	28
2015-05-10 17:11	51.8636363636	1864.20867769	-0.19765550979	0.0623123475595	22
2015-05-10 17:22	69.8333333333	6695.25	1.12540768978	-0.186861127016	18
2015-05-10 17:28	56.75	5022.2875	0.15793170516	-0.0302923386814	20
2015-05-10 17:39	62.9090909091	2895.08264463	0.611587230277	-0.154211472853	22
2015-05-10 17:55	59.347826087	1789.70510397	0.347147434132	-0.111194491513	23
2015-05-10 18:01	82.9473684211	8126.89196676	2.09094251491	-0.313762391608	19
2015-05-10 18:12	80.7272727273	5383.47107438	1.9065224007	-0.353765968901	22
2015-05-10 18:18	77.8333333333	8551.13888889	1.67825120987	-0.248324739002	24
2015-05-10 18:34	84.8148148148	9151.03978052	2.17460231213	-0.312112475303	27
2015-05-10 18:45	68.9259259259	5047.55006859	1.0020397054	-0.195008542826	27
2015-05-10 18:51	52.2857142857	1445.63265306	-0.205266117956	0.0746444545852	14
2015-05-10 19:07	53.6428571429	5913.65816327	-0.106528385627	0.0191187740878	14
2015-05-10 19:21	65.2857142857	4888.29931973	0.738846859542	-0.145575980246	21
2015-05-10 19:27	69.0	2119.0	1.00656542979	-0.300967375874	22
2015-05-10 19:43	75.5	10015.35	1.47503210831	-0.202870504406	20
2015-05-10 19:54	65.5416666667	4642.91493056	0.744438756779	-0.150703948138	24
2015-05-10 20:00	75.1904761905	6018.72562358	1.44237028176	-0.256244774776	21
2015-05-10 20:16	62.1304347826	6278.7221172	0.488506012172	-0.0851378520075	23
2015-05-10 20:27	65.68	2968.4576	0.744786080028	-0.188514671833	25
2015-05-10 20:33	57.6538461538	3090.07248521	0.160181889219	-0.0397056224547	26
2015-05-10 20:44	55.1363636364	8368.93595041	-0.0231460075518	0.00348008839018	22
2015-05-10 21:00	50.2916666667	4367.62326389	-0.375968351349	0.0781065340285	24
2015-05-10 21:06	44.96	3007.0784	-0.764129427918	0.191018839412	25
2015-05-10 21:18	49.4482758621	1648.24732461	-0.434284316943	0.146526613501	29
2015-05-10 21:24	61.1904761905	3314.63038549	0.425126410488	-0.100999411539	21
2015-05-10 21:40	62.625	4899.109375	0.529260137796	-0.103273725699	16
2015-05-10 21:51	51.5	4506.625	-0.287556194985	0.0584273863562	16
2015-05-10 21:57	57.3529411765	3629.16955017	0.142796727129	-0.0322792779527	17
2015-05-10 22:15	34.3333333333	1504.88888889	-1.55080284882	0.543447839006	15
2015-05-10 22:27	43.375	1131.109375	-0.878046912777	0.355785145985	16
2015-05-10 22:34	51.7368421053	2582.72022161	-0.261470070145	0.070085540548	19
2015-05-10 22:46	40.125	2299.859375	-1.11480131684	0.316140969711	24
2015-05-10 23:03	54.0	8360.16	-0.0906333991042	0.013486395184	25
2015-05-10 23:11	56.8888888889	2312.65432099	0.122226008433	-0.0345200534215	18
2015-05-10 23:19	57.6315789474	2586.33795014	0.176786226497	-0.0471329854212	19
2015-05-10 23:25	68.0	5876.2	0.942459788139	-0.166419613239	20
2015-05-10 23:41	81.4347826087	9559.20226843	1.93211572755	-0.267439943597	23
2015-05-10 23:52	81.5	4302.85	1.92133583148	-0.398244315493	20
2015-05-11 00:07	85.6	10372.14	2.20620891433	-0.295882951954	20
2015-05-11 00:14	101.2	19539.16	3.3190740772	-0.326442545406	20
2015-05-11 00:26	66.5454545455	8980.24793388	0.774079176303	-0.114191018392	22
2015-05-11 00:32	83.7	10195.91	1.99994525472	-0.276693598551	20
2015-05-11 00:49	66.962962963	6453.07270233	0.791131362595	-0.138273542306	27
2015-05-11 01:00	75.0	12966.0	1.36176014345	-0.16780161468	25
2015-05-11 01:05	76.0357142857	14675.1772959	1.42897281058	-0.165747878794	28
2015-05-11 01:21	70.7083333333	8736.87326389	1.04325068575	-0.157100228058	24
2015-05-11 01:32	84.2105263158	11039.7451524	1.99875492123	-0.267798110109	19
2015-05-11 01:38	81.2857142857	18193.7278912	1.77557756604	-0.186228778282	21
2015-05-11 01:49	53.5	7336.16666667	-0.193670815673	0.0321020284671	24
2015-05-11 02:05	83.3333333333	13864.8055556	1.91135933061	-0.230089803967	24
2015-05-11 02:11	78.76	9602.1824	1.57560001416	-0.228902976905	25
2015-05-11 02:22	88.9565217391	19930.389414	2.28117215368	-0.230588569362	23
2015-05-11 02:28	78.0769230769	14265.4556213	1.50109648344	-0.180573614372	26
2015-05-11 02:44	69.1428571429	4562.55102041	0.872623736394	-0.185990672455	28
2015-05-11 02:56	70.9259259259	4153.92043896	0.994030679585	-0.221956942525	27
2015-05-11 03:02	71.4814814815	3664.17558299	1.02944265357	-0.244738019096	27
2015-05-11 03:19	107.708333333	6428.37326389	3.54314747821	-0.636012371136	24
2015-05-11 03:29	123.681818182	15940.3987603	4.55802197711	-0.529111833201	22
2015-05-11 03:35	101.363636364	14510.8677686	2.92951776231	-0.367511901841	22
2015-05-11 03:46	52.25	4898.02083333	-0.325907855501	0.0712172754822	24
2015-05-11 04:02	65.4736842105	14631.3019391	0.540572727229	-0.0682486823985	19
2015-05-11 04:08	81.7894736842	14489.4293629	1.60904948129	-0.203908947052	19
2015-05-11 04:19	104.888888889	19134.654321	3.11047483697	-0.343868595929	18
2015-05-11 04:25	120.947368421	19338.6814404	4.09529350141	-0.456446625378	19
2015-05-11 04:41	127.2	14894.66	4.3789042075	-0.569698728139	20
2015-05-11 04:52	126.545454545	28221.6115702	4.2061769661	-0.408681743124	22
2015-05-11 04:58	131.608695652	28838.4120983	4.39054630473	-0.432839804551	23
2015-05-11 05:14	96.36	13891.7504	2.20956839791	-0.322633496587	25
2015-05-11 05:25	96.3043478261	11240.5595463	2.18638326385	-0.357030316941	23
2015-05-11 05:31	86.72	10657.7216	1.61662642625	-0.272688657286	25
2015-05-11 05:47	74.5384615385	7577.86390533	0.909845484945	-0.182455573009	26
2015-05-11 05:58	66.7407407407	4048.56241427	0.460481240053	-0.126301246458	27
2015-05-11 06:04	74.6666666667	5317.18518519	0.91433007729	-0.2185658484	27
2015-05-11 06:15	78.8518518519	7661.08916324	1.15192865287	-0.229345318954	27
2015-05-11 06:21	84.6363636364	11331.6859504	1.47962669473	-0.242341679183	22
2015-05-11 06:37	75.1363636364	4715.48140496	0.92858248479	-0.236189103828	22
2015-05-11 06:48	55.7	4872.11	-0.187059678115	0.0467984703306	20
2015-05-11 06:54	51.7368421053	3164.61495845	-0.414049228211	0.12834161091	19
2015-05-11 07:09	69.2	10129.16	0.589424836182	-0.101994021649	20
2015-05-11 07:20	46.95	3809.6475	-0.690629546464	0.194674521993	20
2015-05-11 07:26	61.8125	3592.40234375	0.165819470504	-0.0480959112144	16
2015-05-11 07:38	92.8461538462	6985.82248521	1.95328352554	-0.40568624702	13
2015-05-11 07:54	70.619047619	6607.569161	0.664293847777	-0.142455015239	21
2015-05-11 08:00	70.08	7109.9136	0.631924422118	-0.130529957652	25
2015-05-11 08:11	61.3913043478	6384.15122873	0.131313297311	-0.0285987689347	23
2015-05-11 08:27	52.04	2724.3584	-0.407045116722	0.135509639512	25
2015-05-11 08:33	58.7142857143	3487.34693878	-0.0217740305688	0.0063990749182	21
2015-05-11 08:44	50.8333333333	2970.30555556	-0.476510369567	0.151516631741	24
2015-05-11 08:50	43.9230769231	2425.84023669	-0.874861636401	0.307471628511	26
