2015-05-08 01:48	242.192307692	64426.6168639	nan	nan	26
2015-05-08 02:05	257.32	69652.2976	inf	-0.0573198386274	25
2015-05-08 11:10	101.0	38181.826087	-19.6667344652	0.761283809135	23
2015-05-08 11:26	65.7	4257.21	-1.91021141497	2.0609400192	20
2015-05-08 11:32	66.4545454545	5940.79338843	-1.18735588206	1.29868995612	22
2015-05-08 11:43	100.882352941	8046.57439446	-0.534713268499	0.50891464435	17
2015-05-08 12:00	122.05	28033.7475	-0.211540124852	0.100785904441	20
2015-05-08 12:06	102.25	16153.5875	-0.462468621638	0.26959122431	20
2015-05-08 12:16	87.25	13248.4875	-0.640529964763	0.390793572126	20
2015-05-08 12:32	83.0476190476	10595.8548753	-0.652658768156	0.429252676973	21
2015-05-08 12:38	72.7391304348	4784.4536862	-0.763574745132	0.723951660511	23
2015-05-08 12:49	83.5909090909	7243.15082645	-0.540354917584	0.407388013512	22
2015-05-08 12:55	86.88	6165.6256	-0.458268803447	0.362869696734	25
2015-05-08 13:11	88.5833333333	11495.0763889	-0.408489905916	0.229426315107	24
2015-05-08 13:22	91.5909090909	7242.78719008	-0.339780643359	0.233047316362	22
2015-05-08 13:28	102.636363636	15455.5041322	-0.131883201012	0.0600522851513	22
2015-05-08 13:39	107.590909091	19278.2417355	-0.0372817412103	0.0147253520972	22
2015-05-08 13:55	109.44	25689.6064	-0.00141336550308	0.000469172185238	25
2015-05-08 14:01	103.6	25235.44	-0.114318832921	0.0372097771435	25
2015-05-08 14:11	115.125	23877.2760417	0.117690420909	-0.0383444237006	24
2015-05-08 14:27	106.740740741	13546.7846365	-0.0561336757173	0.0236739645742	27
2015-05-08 14:33	96.5925925926	6663.20438957	-0.266604688972	0.156469527613	27
2015-05-08 14:44	82.5185185185	8752.02743484	-0.560260003273	0.280761516684	27
2015-05-08 15:00	85.6923076923	7788.82840237	-0.475491978564	0.248714044687	26
2015-05-08 15:06	97.2307692308	12019.9467456	-0.209170746068	0.0866237977131	26
2015-05-08 15:17	108.0	14570.72	0.0371043621129	-0.0136863399334	25
2015-05-08 15:23	111.5	13607.3269231	0.116545191846	-0.0436220065838	26
2015-05-08 15:34	130.16	13227.7344	0.549749381792	-0.204848933775	25
2015-05-08 15:50	127.48	13300.4896	0.473611500184	-0.173753776322	25
2015-05-08 15:56	141.708333333	16863.3732639	0.804506779481	-0.258557085314	24
2015-05-08 16:07	154.47826087	22773.1190926	1.09049237012	-0.299697900515	23
2015-05-08 16:23	181.619047619	47597.4739229	1.70558172099	-0.325017507711	21
2015-05-08 16:29	200.045454545	66058.4979339	2.03839094842	-0.338960380743	22
2015-05-08 16:42	213.619047619	82075.3786848	2.19565378063	-0.342257613938	21
2015-05-08 16:58	238.19047619	80673.4875283	2.54702698137	-0.421574820016	21
2015-05-08 17:04	222.9	82686.29	2.00266619383	-0.351339994711	20
2015-05-08 17:15	209.0	91556.5714286	1.60800345009	-0.278674631891	21
2015-05-08 17:31	181.25	64863.6875	1.01478080145	-0.213179382337	24
2015-05-08 17:38	193.36	64160.6304	1.21437793213	-0.256512567394	25
2015-05-08 17:49	181.923076923	45893.2248521	0.964098001208	-0.242133606592	26
2015-05-08 18:05	159.375	22831.8177083	0.521522841355	-0.185481977934	24
2015-05-08 18:11	179.608695652	32123.5425331	0.893352662368	-0.265450575556	23
2015-05-08 18:22	201.68	68219.0976	1.28991351348	-0.262322072516	25
2015-05-08 18:39	197.583333333	45458.9097222	1.1742833473	-0.29466260249	24
2015-05-08 18:45	192.125	42917.9427083	1.04146628967	-0.270020120457	24
2015-05-08 18:56	192.608695652	41094.7599244	1.02663751846	-0.272198824767	23
2015-05-08 19:12	225.047619048	67361.7596372	1.60731382233	-0.33296833474	21
2015-05-08 19:18	224.05	70708.9475	1.52988318566	-0.314325426759	20
2015-05-08 19:29	226.583333333	103978.159722	1.5240092735	-0.261662576053	24
2015-05-08 19:46	195.4	94137.6	0.917795961094	-0.167752317662	25
2015-05-08 19:57	181.72	78367.6416	0.656647365652	-0.131313267088	25
2015-05-08 20:07	155.217391304	30675.3005671	0.171327328329	-0.0544509063341	23
2015-05-08 20:21	152.052631579	31919.1024931	0.112230691669	-0.0346389839783	19
2015-05-08 20:28	136.95	28188.9475	-0.165322982207	0.0537883198301	20
2015-05-08 20:39	102.238095238	21098.5623583	-0.805002419475	0.299996277945	21
2015-05-08 20:55	86.7391304348	10005.584121	-1.08026810782	0.582659091109	23
2015-05-08 21:01	76.44	6228.4864	-1.25024311695	0.855802099745	25
2015-05-08 21:12	99.619047619	13808.8072562	-0.795512329821	0.367426252154	21
2015-05-08 21:28	116.181818182	14085.3305785	-0.478194866838	0.217972968319	22
2015-05-08 21:34	113.904761905	21521.5147392	-0.515579504545	0.188872380733	21
2015-05-08 21:45	123.4	24002.54	-0.332354753876	0.114575779293	20
2015-05-08 22:01	110.681818182	13389.3078512	-0.569205604755	0.260803367908	22
2015-05-08 22:07	118.75	13728.4375	-0.410105880404	0.184548025256	24
2015-05-08 22:18	114.708333333	8583.53993056	-0.483463156809	0.273311955668	24
2015-05-08 22:34	127.8	20584.16	-0.227322845853	0.0824853584641	25
2015-05-08 22:40	142.72	22065.1616	0.0632326890538	-0.0219985636582	25
2015-05-08 22:52	105.5	5415.58333333	-0.662975391185	0.462039263185	12
2015-05-08 23:09	81.5333333333	10608.6488889	-1.12515983885	0.557882493234	15
2015-05-08 23:15	108.954545455	27238.4979339	-0.570633506579	0.176893850504	22
2015-05-08 23:27	95.5416666667	12119.5815972	-0.828616298381	0.383185402779	24
2015-05-08 23:33	100.315789474	13169.4792244	-0.724677288697	0.320741174891	19
2015-05-08 23:49	99.1	4957.49	-0.740927768342	0.532671419635	10
2015-05-09 00:00	105.769230769	9706.33136095	-0.600800518181	0.307701422852	13
2015-05-09 00:06	110.714285714	23311.3469388	-0.496762243591	0.163443462197	14
2015-05-09 00:23	118.157894737	17769.6066482	-0.343633340881	0.128833126274	19
2015-05-09 00:34	152.666666667	32752.031746	0.353528380252	-0.097051704159	21
2015-05-09 00:40	170.380952381	35083.4739229	0.709535082795	-0.187111821259	21
2015-05-09 00:51	155.111111111	12007.3209877	0.392464093273	-0.176332382942	18
2015-05-09 01:07	179.315789474	19348.4265928	0.883886534062	-0.311139637506	19
2015-05-09 01:13	180.0	44436.2222222	0.887957540266	-0.205956701826	18
2015-05-09 01:24	189.944444444	72254.8302469	1.08174524787	-0.19649074261	18
2015-05-09 01:40	165.35	64478.4275	0.564131497239	-0.108577726807	20
2015-05-09 01:47	196.631578947	96113.1800554	1.20234960933	-0.188748546173	19
2015-05-09 01:59	213.473684211	95032.6703601	1.52998219946	-0.242165178436	19
2015-05-09 02:06	176.736842105	16668.9307479	0.753001225991	-0.286794952935	19
2015-05-09 02:23	225.529411765	107097.425606	1.74090722511	-0.260909385442	17
2015-05-09 02:29	241.235294118	105927.709343	2.01761786471	-0.307552145524	17
2015-05-09 02:45	190.75	33081.0875	0.960273176605	-0.266445905772	20
2015-05-09 02:57	192.142857143	35032.2176871	0.977451374444	-0.263419158478	21
2015-05-09 03:04	209.142857143	38088.5986395	1.30389971455	-0.336897416701	21
2015-05-09 03:20	192.6	37767.52	0.957729238836	-0.249443405869	25
2015-05-09 03:31	197.791666667	33390.9982639	1.05031013031	-0.290783480606	24
2015-05-09 03:38	213.56	41722.8864	1.34991224536	-0.334503219084	25
2015-05-09 03:54	246.24	42053.5424	1.97255732085	-0.488963454081	25
2015-05-09 04:07	274.12	66360.4256	2.46297874895	-0.493331796731	25
2015-05-09 04:13	293.16	65059.1744	2.73497513066	-0.567643357962	25
2015-05-09 04:29	315.115384615	81209.4097633	3.02207137789	-0.579825030843	26
2015-05-09 04:40	317.32	84343.0976	2.91293669078	-0.570677330247	25
2015-05-09 04:46	315.115384615	161321.794379	2.74281278205	-0.402938168797	26
2015-05-09 05:02	339.12	152339.3056	3.02498848643	-0.471960973611	25
2015-05-09 05:13	366.416666667	168716.993056	3.31211295264	-0.51043993663	24
2015-05-09 05:19	392.913043478	167722.94896	3.52958996176	-0.571579409246	23
2015-05-09 05:34	436.863636364	251741.117769	3.94428213843	-0.549570055103	22
2015-05-09 05:45	450.272727273	278549.198347	3.83816150888	-0.542789677078	22
2015-05-09 05:51	450.272727273	278549.198347	3.5748589472	-0.537570545568	22
2015-05-09 06:07	508.1	674426.59	4.05049809572	-0.412601725092	20
2015-05-09 06:18	476.227272727	958264.902893	3.39522765597	-0.310318126238	22
2015-05-09 06:34	488.0	1887509.91304	3.33639973675	-0.227611048838	23
2015-05-09 06:41	477.086956522	1853106.42722	3.05058198457	-0.219570482367	23
2015-05-09 06:52	475.178571429	2404876.21811	2.8958997408	-0.189743737983	28
2015-05-09 07:08	475.166666667	2265577.73889	2.77861536917	-0.193704813032	30
2015-05-09 07:16	490.833333333	2256796.93889	2.81964021604	-0.202761507334	30
2015-05-09 07:27	208.310344828	69432.2140309	0.173937376067	-0.0734674098172	29
2015-05-09 07:43	193.034482759	57865.8953627	0.0352964360476	-0.0162603451052	29
2015-05-09 07:49	208.142857143	119356.479592	0.172077311638	-0.054954090239	28
2015-05-09 08:00	156.75	41637.6160714	-0.296477006046	0.15962720476	28
2015-05-09 16:33	205.409090909	58544.1508264	0.149567983157	-0.0676456864844	22
2015-05-09 16:49	187.958333333	33278.7899306	-0.0112244642068	0.00670505989077	24
2015-05-09 16:55	176.708333333	22761.2899306	-0.114853112114	0.0826070848299	24
2015-05-09 17:06	178.260869565	34550.9754253	-0.099995812407	0.0581321269876	23
2015-05-09 17:26	185.56	77567.2864	-0.0317466732355	0.0122666064058	25
2015-05-09 17:41	173.208333333	39249.9149306	-0.146870226379	0.0794473944533	24
2015-05-09 17:47	178.96	41856.5184	-0.0923679644392	0.048189923517	25
2015-05-09 17:59	178.32	34469.2576	-0.0980088699553	0.0561187841302	25
2015-05-09 18:15	194.76	46817.3824	0.0576597958808	-0.0282154451532	25
2015-05-09 18:21	196.185185185	51204.6694102	0.0709421913411	-0.0330619753337	27
2015-05-09 18:33	190.0	53862.3703704	0.0117749720213	-0.00532935366452	27
2015-05-09 18:49	203.233333333	55062.1122222	0.138210367276	-0.0616247577911	30
2015-05-09 18:55	217.222222222	51561.0617284	0.271877814525	-0.124790970303	27
2015-05-09 19:06	204.111111111	32390.7654321	0.144493464981	-0.0833762652802	27
2015-05-09 19:22	207.807692308	31760.3091716	0.179655448626	-0.104294383321	26
2015-05-09 19:27	199.8	43498.96	0.101258200579	-0.0500429818635	25
2015-05-09 19:38	233.3	69728.61	0.42710221691	-0.16609030458	20
2015-05-09 19:44	211.722222222	52921.5339506	0.214421761998	-0.0954177953638	18
2015-05-09 20:00	136.88	21833.2256	-0.520122388565	0.359063483863	25
2015-05-09 20:11	135.375	27973.3177083	-0.53246820837	0.323866896254	24
2015-05-09 20:17	115.956521739	26805.4328922	-0.721345507954	0.447019465806	23
2015-05-09 20:28	118.928571429	50079.9234694	-0.68800238483	0.311375893141	28
2015-05-09 20:44	98.6896551724	6822.5588585	-0.884547206403	1.08252649106	29
2015-05-09 20:50	106.892857143	9663.45280612	-0.797673569416	0.819598635447	28
2015-05-09 21:01	112.153846154	16863.2071006	-0.740864439285	0.575491491013	26
2015-05-09 21:17	135.0	26034.4	-0.509946778044	0.318287390452	25
2015-05-09 21:23	134.333333333	24887.5555556	-0.51432045846	0.327471666967	24
2015-05-09 21:34	153.363636364	58843.9586777	-0.322096525085	0.13302817042	22
2015-05-09 21:50	123.619047619	30251.9501134	-0.618682287995	0.355257026867	21
2015-05-09 21:56	122.714285714	29432.9659864	-0.624811521494	0.362955520941	21
2015-05-09 22:07	123.608695652	29749.4555766	-0.612843788546	0.353361392508	23
2015-05-09 22:13	133.833333333	31194.2222222	-0.506946152519	0.284842916483	24
2015-05-09 22:29	149.0	32068.4545455	-0.351576228213	0.194341570636	22
2015-05-09 22:40	136.041666667	23653.2065972	-0.48154358875	0.309024990027	24
2015-05-09 22:46	165.115384615	44454.5636095	-0.184230418169	0.0860179529584	26
2015-05-09 23:02	155.571428571	28815.244898	-0.280859244623	0.162356419931	28
2015-05-09 23:13	166.966666667	41674.0322222	-0.163381017314	0.0782960902253	30
2015-05-09 23:19	143.3	26713.1433333	-0.405522019391	0.241956417347	30
2015-05-09 23:30	167.620689655	45750.9250892	-0.153910706687	0.0699795595495	29
2015-05-09 23:46	190.516129032	75033.6045786	0.0827651749962	-0.0292920482047	31
2015-05-09 23:52	153.096774194	22019.8293444	-0.304718254274	0.198442454274	31
2015-05-10 00:03	169.333333333	25429.2592593	-0.135152548087	0.0816660097645	27
2015-05-10 00:18	184.625	22338.8177083	0.0244768052072	-0.015730950991	24
2015-05-10 00:24	168.08	23460.7936	-0.148385172581	0.0927641767637	25
2015-05-10 00:35	201.2	34355.76	0.199034519388	-0.102508106993	20
2015-05-10 00:51	214.882352941	76084.9273356	0.342148600976	-0.118058026567	17
2015-05-10 00:57	214.882352941	76084.9273356	0.340967777966	-0.117329273317	17
2015-05-10 01:08	262.647058824	96741.7577855	0.844397907085	-0.256981018984	17
2015-05-10 01:24	262.647058824	96741.7577855	0.839995581167	-0.255414061551	17
2015-05-10 01:30	333.2	317644.693333	1.58234011543	-0.2652835912	15
2015-05-10 01:41	341.470588235	306299.896194	1.65294217314	-0.283468183916	17
2015-05-10 01:47	311.473684211	281708.354571	1.32022883814	-0.237295309109	19
2015-05-10 02:03	386.388888889	291091.79321	2.09310159112	-0.370902725539	18
2015-05-10 02:14	374.166666667	263143.361111	1.93377550389	-0.363968102317	18
2015-05-10 02:20	377.611111111	263348.79321	1.94261050626	-0.368397983875	18
2015-05-10 02:31	402.736842105	263058.720222	2.17202362968	-0.415433779547	19
2015-05-10 02:46	437.4	266027.74	2.48621578548	-0.477912716724	20
2015-05-10 02:52	455.15	287358.1275	2.61230999896	-0.49028727789	20
2015-05-10 03:04	414.0	251224.210526	2.15279420189	-0.439249685937	19
2015-05-10 03:20	334.571428571	181671.768707	1.3499760913	-0.327230308888	21
2015-05-10 03:26	309.7	147761.01	1.09904350669	-0.29607774217	20
2015-05-10 03:37	324.857142857	220469.455782	1.23849908854	-0.273299487315	21
2015-05-10 03:43	262.181818182	156748.694215	0.62572471356	-0.163997988882	22
2015-05-10 03:59	282.636363636	159821.049587	0.820751121864	-0.212671656889	22
2015-05-10 04:10	303.0	289523.0	1.0137017563	-0.194977806844	22
2015-05-10 04:16	311.583333333	281247.743056	1.09097046129	-0.212917459166	24
2015-05-10 04:26	329.666666667	274478.222222	1.25905815726	-0.248859193	24
2015-05-10 04:42	262.68	81673.0176	0.604342606773	-0.219325349854	25
2015-05-10 04:48	267.84	79629.9744	0.651938511109	-0.239199626985	25
2015-05-10 04:59	283.423076923	82638.0902367	0.800172435641	-0.287744449725	26
2015-05-10 05:15	407.607142857	503979.952806	1.99912551183	-0.290818840947	28
2015-05-10 05:21	390.3	477275.41	1.80653547341	-0.272194061527	30
2015-05-10 05:32	294.103448276	107842.920333	0.867607817754	-0.276645367275	29
2015-05-10 05:38	307.851851852	106658.570645	0.99497635088	-0.318802556927	27
2015-05-10 05:54	309.222222222	111980.839506	1.00287560488	-0.313591812555	27
2015-05-10 06:05	331.961538462	121858.113905	1.21493747111	-0.364180568753	26
2015-05-10 06:11	337.461538462	126299.325444	1.25963625189	-0.371333209607	26
2015-05-10 06:22	335.407407407	121586.834019	1.23165834562	-0.370609031183	27
2015-05-10 06:38	349.111111111	109927.728395	1.35414149718	-0.42909021101	27
2015-05-10 06:43	361.740740741	125395.377229	1.46431876779	-0.435360509782	27
2015-05-10 06:54	324.0	126743.777778	1.09521317071	-0.324819018877	27
2015-05-10 07:00	347.269230769	144129.273669	1.3093930215	-0.364345254325	26
2015-05-10 07:16	257.592592593	104071.57476	0.453066055799	-0.14862346737	27
2015-05-10 07:27	275.037037037	104796.924554	0.616864930245	-0.201250824186	27
2015-05-10 07:33	254.461538462	97397.0946746	0.419615219396	-0.14178307173	26
2015-05-10 07:49	283.125	187832.526042	0.690766986687	-0.16772563021	24
2015-05-10 08:00	295.304347826	224393.429112	0.804130018505	-0.178405871832	23
2015-05-10 08:06	229.727272727	91602.0165289	0.176353164842	-0.0611838685435	22
2015-05-10 08:17	249.380952381	106587.759637	0.363523752307	-0.116641032532	21
2015-05-10 08:33	276.55	110475.7475	0.622429861161	-0.195752475744	20
2015-05-10 08:39	275.263157895	92122.0886427	0.608005341849	-0.209087054714	19
2015-05-10 08:50	319.555555556	87098.8024691	1.03099676685	-0.364073218431	18
2015-05-10 09:06	238.0	128343.545455	0.243449115788	-0.0708303008238	22
2015-05-10 09:13	192.5	147894.333333	-0.194683883245	0.0526468301731	24
2015-05-10 09:24	167.36	209540.9504	-0.436497352214	0.0989390730933	25
2015-05-10 09:40	93.2608695652	7280.4536862	-1.15079558154	1.39670296309	23
2015-05-10 09:46	95.7727272727	15754.9938017	-1.12027170687	0.924964153594	22
2015-05-10 09:57	121.380952381	21464.9024943	-0.86740735034	0.613936013042	21
2015-05-10 10:03	130.166666667	20496.9722222	-0.779086091873	0.563962339639	24
2015-05-10 10:19	141.083333333	23437.4930556	-0.670743288836	0.453638699048	24
2015-05-10 10:30	139.32	15949.6576	-0.685545235709	0.561324429273	25
2015-05-10 10:36	156.625	19325.484375	-0.515671709766	0.383114343712	24
2015-05-10 10:46	178.347826087	26941.7920605	-0.303491021767	0.19064228886	23
2015-05-10 11:03	210.6	50917.84	0.0107210809144	-0.00488863622018	20
2015-05-10 11:08	202.476190476	54454.7256236	-0.0684376162962	0.0301073167272	21
2015-05-10 11:19	205.375	61578.3177083	-0.0399806770733	0.0165025479797	24
2015-05-10 11:35	171.37037037	48946.2331962	-0.372628128233	0.172128181317	27
2015-05-10 11:41	197.653846154	54803.3032544	-0.113991922873	0.0496667697639	26
2015-05-10 11:53	207.68	48097.2576	-0.0152198503958	0.00706295515177	25
2015-05-10 11:59	212.961538462	46944.7292899	0.0368245435522	-0.0172589014492	26
2015-05-10 12:15	222.230769231	43137.8698225	0.128224979254	-0.0625533867466	26
2015-05-10 12:26	212.772727273	28041.9028926	0.0343891324898	-0.0207626143157	22
2015-05-10 12:32	231.181818182	29643.8760331	0.216796017306	-0.127026693528	22
2015-05-10 12:48	219.19047619	48382.4399093	0.0971860742748	-0.0444800831564	21
2015-05-10 12:59	252.25	60868.7875	0.426072986084	-0.173482171105	20
2015-05-10 13:05	248.772727273	56875.7210744	0.390305746222	-0.164111182223	22
2015-05-10 13:16	241.0	105177.636364	0.311680359976	-0.0961942153865	22
2015-05-10 13:32	253.2	106455.04	0.433070276315	-0.132596797417	25
2015-05-10 13:38	216.791666667	42089.6649306	0.0668816142576	-0.0325102858823	24
2015-05-10 13:48	245.958333333	72232.2899306	0.359832501404	-0.133233857806	24
2015-05-10 14:04	247.652173913	47293.7920605	0.376023671294	-0.171747354608	23
2015-05-10 14:10	219.826086957	59020.3175803	0.0944684209377	-0.0385544191422	23
2015-05-10 14:21	198.041666667	54407.2899306	-0.125904932837	0.0534067702301	24
2015-05-10 14:37	209.458333333	56601.8315972	-0.0100116837354	0.00415506599276	24
2015-05-10 14:43	170.666666667	21388.0	-0.403684962269	0.271979988227	18
2015-05-10 14:54	195.631578947	24154.5484765	-0.148901628428	0.0942374085094	19
2015-05-10 15:00	205.277777778	30004.7561728	-0.050318852949	0.028515419355	18
2015-05-10 15:11	207.833333333	26113.4722222	-0.0241273292598	0.0146260761361	18
2015-05-10 15:27	156.954545455	59734.4979339	-0.544525545584	0.217803714279	22
2015-05-10 15:33	145.92	55183.7536	-0.656121518669	0.272654585451	25
2015-05-10 15:44	110.217391304	13964.6918715	-1.02037418567	0.841924383888	23
2015-05-10 16:00	114.304347826	9982.82041588	-0.974255130361	0.95084090339	23
2015-05-10 16:06	120.304347826	13521.0812854	-0.908896477607	0.762118724818	23
2015-05-10 16:17	136.090909091	32705.6280992	-0.743600986957	0.400763375034	22
2015-05-10 16:33	143.4	29705.6	-0.666235370423	0.376423956076	25
2015-05-10 16:39	149.653846154	31206.5340237	-0.600027052171	0.330395105442	26
2015-05-10 16:50	155.518518519	31706.0274348	-0.538039348929	0.293545395332	27
2015-05-10 17:05	174.777777778	32942.0246914	-0.338141252969	0.180735511923	27
2015-05-10 17:11	182.96	35967.5584	-0.252908185421	0.129142448831	25
2015-05-10 17:22	192.269230769	61534.8890533	-0.156074678799	0.060818342276	26
2015-05-10 17:28	204.730769231	61085.1967456	-0.0265991574464	0.010383254527	26
2015-05-10 17:39	199.375	75334.734375	-0.0821677366067	0.0288264605313	24
2015-05-10 17:55	210.130434783	76833.7655955	0.0299050646901	-0.0103685662123	23
2015-05-10 18:01	227.434782609	86840.0718336	0.210250533623	-0.0684364949808	23
2015-05-10 18:12	244.708333333	86651.4565972	0.390242195732	-0.126927917957	24
2015-05-10 18:28	191.56	68797.0464	-0.16663366161	0.0607269947458	25
2015-05-10 18:34	200.333333333	70960.4722222	-0.0743530849604	0.0266309900562	24
2015-05-10 18:45	220.173913043	76884.2306238	0.134132923884	-0.0460670773091	23
2015-05-10 19:01	225.047619048	103350.902494	0.185147788198	-0.0547426736794	21
2015-05-10 19:08	269.238095238	232326.848073	0.650540557845	-0.128054960081	21
2015-05-10 19:21	281.571428571	234696.721088	0.778931868902	-0.152385979939	21
2015-05-10 19:27	280.826086957	252319.621928	0.768719896305	-0.144933819067	23
2015-05-10 19:43	212.25	114031.1875	0.0417885746005	-0.0117108756519	24
2015-05-10 19:54	171.28	127568.8416	-0.392029493556	0.103677075364	25
2015-05-10 20:00	118.181818182	52478.2396694	-0.954213724283	0.392834983869	22
2015-05-10 20:16	99.625	23043.1510417	-1.14765492795	0.712886055318	24
2015-05-10 20:27	118.333333333	38131.2222222	-0.94448734394	0.456335924728	24
2015-05-10 20:33	132.25	39378.5208333	-0.793684495069	0.377275497117	24
2015-05-10 20:45	136.96	35283.9584	-0.741359581358	0.37203633298	25
2015-05-10 21:01	168.083333333	39340.0763889	-0.4088275547	0.194137821486	24
2015-05-10 21:07	179.88	49133.0656	-0.28252493857	0.1198672981	25
2015-05-10 21:18	163.52173913	21192.2495274	-0.456206333753	0.294225872784	23
2015-05-10 21:34	158.0	36028.5217391	-0.514110986637	0.253934515061	23
2015-05-10 21:40	142.652173913	29044.2268431	-0.676866256741	0.371866399136	23
2015-05-10 21:51	138.458333333	36576.8315972	-0.719939668743	0.35211550408	24
2015-05-10 21:57	153.0	75707.75	-0.562400460067	0.191026493872	24
2015-05-10 22:16	103.92	10574.7936	-1.08688038123	0.986588231954	25
2015-05-10 22:28	120.095238095	9502.75283447	-0.909470399647	0.871143813643	21
2015-05-10 22:34	129.476190476	15123.9637188	-0.806051102285	0.611816699931	21
2015-05-10 22:46	137.315789474	34807.0581717	-0.719683027266	0.359857348391	19
2015-05-10 23:04	122.304347826	18705.342155	-0.878826534367	0.598929103265	23
2015-05-10 23:11	119.708333333	16400.0399306	-0.903978994959	0.65768299308	24
2015-05-10 23:19	110.238095238	8730.94331066	-1.0028070927	0.999602902939	21
2015-05-10 23:35	133.913043478	17424.8620038	-0.745150332426	0.525776936322	23
2015-05-10 23:41	135.086956522	16794.7750473	-0.730540092563	0.524643808077	23
2015-05-10 23:52	160.083333333	17341.8263889	-0.459822259514	0.324713653325	24
2015-05-11 00:07	178.36	21215.9104	-0.262067356372	0.167090714032	25
2015-05-11 00:14	165.833333333	22653.4722222	-0.396689551554	0.244377999358	24
2015-05-11 00:27	180.0	30316.9230769	-0.242900936041	0.12916406402	26
2015-05-11 00:43	207.230769231	30996.408284	0.0521122999968	-0.0273618659965	26
2015-05-11 00:49	205.04	27785.5584	0.0282846362444	-0.0156591914791	25
2015-05-11 01:00	230.625	36723.4010417	0.30594526912	-0.147085144489	24
2015-05-11 01:06	275.315789474	36370.8476454	0.791212310346	-0.381637577076	19
2015-05-11 01:21	272.882352941	35878.4567474	0.762592227024	-0.370115273016	17
2015-05-11 01:32	175.25	36665.0208333	-0.302180446124	0.144976428527	12
2015-05-11 01:38	107.909090909	18953.5371901	-1.03577204176	0.690111555619	11
2015-05-11 01:49	93.4666666667	11765.7155556	-1.18965488043	1.00614800872	15
2015-05-11 02:05	117.470588235	12815.0726644	-0.923446266425	0.748850653383	17
2015-05-11 02:11	142.555555556	16914.691358	-0.647312568815	0.45679244468	18
2015-05-11 02:22	166.157894737	23796.9750693	-0.388392487991	0.230851043697	19
2015-05-11 02:39	190.19047619	25753.3922902	-0.1251902124	0.071428458935	21
2015-05-11 02:45	198.863636364	25075.2086777	-0.0301069053759	0.0173805924513	22
2015-05-11 02:56	225.0	44028.0	0.256313661906	-0.111486551348	23
2015-05-11 03:12	231.652173913	42990.9224953	0.328868564	-0.144541136885	23
2015-05-11 03:19	257.125	134208.692708	0.608207902129	-0.151075263708	24
2015-05-11 03:30	249.24	133441.3824	0.520130101629	-0.129436610332	25
2015-05-11 03:36	252.346153846	129329.995562	0.553279980584	-0.139693705722	26
2015-05-11 03:46	255.107142857	118602.095663	0.582566992395	-0.153425873252	28
2015-05-11 04:03	279.571428571	119898.316327	0.851341897193	-0.222760557119	28
2015-05-11 04:09	273.517241379	127653.560048	0.78216253217	-0.198257662003	29
2015-05-11 04:20	269.310344828	122644.972652	0.733687554277	-0.189612708641	29
2015-05-11 04:35	294.407407407	141498.167353	1.00940594483	-0.242691156454	27
2015-05-11 04:41	325.653846154	141249.149408	1.35168958222	-0.325280676474	26
2015-05-11 04:52	316.5	154265.892857	1.2446396482	-0.286973151562	28
2015-05-11 05:08	327.892857143	149339.23852	1.36539506924	-0.32023809195	28
2015-05-11 05:14	271.59375	134035.116211	0.738999104993	-0.18319609536	32
2015-05-11 05:25	274.0625	147504.933594	0.764446717193	-0.180516996989	32
2015-05-11 05:31	279.366666667	144210.165556	0.821095553739	-0.195969779247	30
2015-05-11 05:47	297.642857143	234144.158163	1.02072518248	-0.191091181617	28
2015-05-11 05:58	315.964285714	233478.891582	1.21976067131	-0.228691557934	28
2015-05-11 06:04	315.964285714	233478.891582	1.21511878057	-0.227990050088	28
2015-05-11 06:15	316.666666667	252326.305556	1.21827122418	-0.220037601608	24
2015-05-11 06:31	278.272727273	111593.834711	0.790795698984	-0.214929336461	22
2015-05-11 06:37	281.909090909	110417.355372	0.828917776923	-0.226357878122	22
2015-05-11 06:48	291.0	179174.7	0.927033837683	-0.19863359999	20
2015-05-11 06:54	293.15	202270.9275	0.948143422302	-0.191165187106	20
2015-05-11 07:10	282.7	492831.11	0.830174209038	-0.107214574183	20
2015-05-11 07:21	288.75	484656.4875	0.894831768439	-0.116480680983	20
2015-05-11 07:27	291.80952381	465828.630385	0.926193998207	-0.122938310381	21
2015-05-11 07:38	323.142857143	456820.217687	1.26956979469	-0.170132959975	21
2015-05-11 07:54	310.24	415169.7824	1.1223217898	-0.157906861275	25
2015-05-11 08:00	291.357142857	379218.086735	0.910354579476	-0.134068682539	28
2015-05-11 08:11	173.833333333	43365.8722222	-0.388317951225	0.169068648343	30
2015-05-11 08:27	196.413793103	99035.6908442	-0.13829785299	0.0397946138708	29
2015-05-11 08:33	193.793103448	97941.1296076	-0.167073101486	0.0482726689148	29
2015-05-11 08:44	150.225806452	46219.5296566	-0.64932770112	0.272714697325	31
2015-05-11 09:00	136.290322581	25061.1737773	-0.802444433832	0.457302225744	31
